   1   10   3   10547.5
   2   90  17   21201.0
   4   22  13   18423.5
   6   61  11   16238.5
   7   32  20   16916.5
  13   61  14   12540.5
  14   84  12   24783.5
  15   74   7   39365.0
  16   75   8   31878.5
  18   90   3   62922.5
  19   27   9   19150.0
  27   60  14   15296.5
  32   29  12   21705.0
  36   91   7   47569.5
  38   34   7   23047.0
  47   81  13   25919.5
  48   27  15    6417.5
  49   54  18   17495.0
  50   81  16   21227.5
  51   89   5   56364.5
  56   57   6   31853.5
  57   87  14   30067.0
  59   21  18   16228.0
  60   68  10   28596.5
  66   55  18   10271.5
  68   73  12   26147.5
  70   56   4   42684.5
  71   76  14   16079.0
  72   66  13   12079.0
  76   88   4   49686.0
  80   76   6   34240.5
  83   98   3   52380.5
  85   64   3   47013.5
  88   44   5   36792.0
  89   91  12   27473.5
  95   43  13   19859.5
