   3  166  16   35425.0
   8  254  20   45233.0
   9  205   4   65242.5
  10  490  19   57917.5
  17  222   8   58452.0
  20  481   7   68191.0
  21  285  11   55115.0
  22  232  13   47286.5
  23  411  16   63661.5
  29  202  16   38392.0
  30  429  16   58723.0
  31  366  10   67258.0
  33  420  18   54774.0
  39  482  19   55807.5
  40  398  16   54277.5
  41  202  13   37929.0
  52  365   3   73900.5
  53  206  19   40101.0
  55  481   6   79499.5
  58  224   5   55827.5
  64  212  16   42736.5
  67  252  19   42976.0
  77  211  18   36972.5
  84  110   6   49464.5
  90  332   9   64891.0
  91  361   7   65974.0
  92  286   2   67189.0
  94  468   7   63109.5
  96  142  13   40728.0
