   5 1368   6   72684.0
  11 1082  17   67391.5
  12  758   6   73765.0
  24  809   6   72733.0
  25  923   5   69610.5
  26 1284  15   70522.5
  28  904  14   70397.5
  34 1149   3   73853.5
  35 1405   3   72832.0
  37 1001  19   71342.0
  42 1343  13   73682.5
  43 1289  17   72663.5
  44  836  15   63594.5
  45 1348   9   72574.0
  46 1161   5   74967.0
  54 1024  17   70743.0
  61  529  10   65876.0
  62 1416   5   75753.5
  63  764  20   63131.0
  65  815  12   70586.0
  69 1428  16   74426.5
  73 1204   8   75482.0
  74 1335   4   74903.0
  75 1470   9   75588.5
  78  813  20   66126.5
  79  757   2   76969.5
  81  539  14   68568.0
  82 1287  14   69940.0
  86 1284   8   74257.5
  87 1109   7   71721.5
  93  561  16   66681.5
  97 1466  16   68180.0
  98  869   7   75567.5
  99  729  16   64482.0
