   5 1368   6   76078.0
  11 1082  17   69089.0
  12  758   6   77317.5
  24  809   6   73368.0
  25  923   5   75624.5
  26 1284  15   69235.0
  28  904  14   72489.5
  34 1149   3   76139.0
  35 1405   3   78398.5
  37 1001  19   66789.5
  42 1343  13   71889.0
  43 1289  17   72256.0
  44  836  15   67383.0
  45 1348   9   76533.5
  46 1161   5   72540.0
  54 1024  17   69025.0
  61  529  10   69696.0
  62 1416   5   73965.5
  63  764  20   65840.5
  65  815  12   69052.0
  69 1428  16   75740.5
  73 1204   8   72243.5
  74 1335   4   76777.5
  75 1470   9   69271.5
  78  813  20   68754.5
  79  757   2   72910.0
  81  539  14   70195.5
  82 1287  14   71664.0
  86 1284   8   70517.0
  87 1109   7   73093.5
  93  561  16   69895.5
  97 1466  16   69149.5
  98  869   7   75157.0
  99  729  16   66930.5
