   1   10   3   41221.5
   2   90  17   68864.5
   4   22  13   46573.0
   6   61  11   43355.0
   7   32  20   72405.0
  13   61  14   56266.0
  14   84  12   64192.5
  15   74   7   98273.5
  16   75   8   68425.5
  18   90   3   58878.0
  19   27   9   53219.5
  27   60  14   69166.0
  32   29  12   73435.0
  36   91   7   78980.5
  38   34   7   73871.0
  47   81  13   59162.5
  48   27  15   17182.0
  49   54  18   69892.5
  50   81  16   68046.0
  51   89   5   70029.0
  56   57   6   60383.0
  57   87  14   70354.0
  59   21  18   98667.0
  60   68  10   70224.0
  66   55  18   59537.5
  68   73  12   78236.0
  70   56   4   57758.0
  71   76  14   50213.5
  72   66  13   57082.0
  76   88   4   71649.5
  80   76   6   66357.0
  83   98   3   58736.0
  85   64   3   58743.5
  88   44   5   58022.5
  89   91  12   62868.5
  95   43  13   75136.0
