   3  166  16   77730.0
   8  254  20   70395.0
   9  205   4   67364.0
  10  490  19   64852.0
  17  222   8   70488.5
  20  481   7   68878.0
  21  285  11   77003.5
  22  232  13   68328.0
  23  411  16   70848.5
  29  202  16   57378.0
  30  429  16   67409.0
  31  366  10   66440.0
  33  420  18   65171.0
  39  482  19   70374.0
  40  398  16   68181.0
  41  202  13   66520.5
  52  365   3   68124.0
  53  206  19   66442.0
  55  481   6   69415.5
  58  224   5   65954.0
  64  212  16   73545.5
  67  252  19   67225.0
  77  211  18   64518.5
  84  110   6   61609.0
  90  332   9   67776.0
  91  361   7   69902.5
  92  286   2   76722.5
  94  468   7   59229.5
  96  142  13   75821.5
