   1   10   3   10547.5
   2   90  17   24831.5
   4   22  13   21781.5
   6   61  11   16720.0
   7   32  20   20488.5
  13   61  14   16350.0
  14   84  12   30259.0
  15   74   7   38861.0
  16   75   8   32351.5
  18   90   3   64205.0
  19   27   9   19150.0
  27   60  14   14310.5
  32   29  12   29605.5
  36   91   7   49795.0
  38   34   7   23923.5
  47   81  13   33813.0
  48   27  15   14751.5
  49   54  18   17755.0
  50   81  16   21569.0
  51   89   5   56364.5
  56   57   6   32330.5
  57   87  14   28209.5
  59   21  18   21270.0
  60   68  10   36377.0
  66   55  18   16740.0
  68   73  12   27243.5
  70   56   4   42684.5
  71   76  14   16104.0
  72   66  13   16624.5
  76   88   4   49686.0
  80   76   6   36883.5
  83   98   3   52380.5
  85   64   3   47013.5
  88   44   5   36792.0
  89   91  12   29681.0
  95   43  13   16760.0
