   1   10   3   10547.5
   2   90  17   22241.5
   4   22  13   19405.5
   6   61  11   14492.0
   7   32  20   17737.0
  13   61  14   15747.5
  14   84  12   31895.0
  15   74   7   39365.0
  16   75   8   31809.0
  18   90   3   62142.0
  19   27   9   16026.0
  27   60  14   15782.5
  32   29  12   16391.0
  36   91   7   46593.0
  38   34   7   23923.5
  47   81  13   34696.5
  48   27  15    7165.0
  49   54  18   16894.5
  50   81  16   24631.0
  51   89   5   56779.5
  56   57   6   32330.5
  57   87  14   35473.0
  59   21  18   23556.0
  60   68  10   31982.0
  66   55  18   13066.5
  68   73  12   31114.5
  70   56   4   42453.5
  71   76  14   18392.0
  72   66  13   14472.0
  76   88   4   49686.0
  80   76   6   37020.5
  83   98   3   52380.5
  85   64   3   46165.0
  88   44   5   36955.5
  89   91  12   29780.5
  95   43  13   16861.0
