   5 1368   6   79859.0
  11 1082  17   74903.0
  12  758   6   76133.0
  24  809   6   75235.0
  25  923   5   72170.5
  26 1284  15   78723.0
  28  904  14   76773.0
  34 1149   3   78435.5
  35 1405   3   79402.5
  37 1001  19   76809.5
  42 1343  13   79235.0
  43 1289  17   81940.5
  44  836  15   70412.5
  45 1348   9   79811.0
  46 1161   5   79765.0
  54 1024  17   77675.0
  61  529  10   68933.0
  62 1416   5   83849.0
  63  764  20   71646.0
  65  815  12   76678.0
  69 1428  16   81213.5
  73 1204   8   80941.0
  74 1335   4   78681.5
  75 1470   9   83489.5
  78  813  20   74389.5
  79  757   2   79046.0
  81  539  14   73430.0
  82 1287  14   76387.0
  86 1284   8   79640.0
  87 1109   7   76027.5
  93  561  16   71746.0
  97 1466  16   78425.5
  98  869   7   77198.5
  99  729  16   67602.5
