   3  166  16   49829.5
   8  254  20   63659.5
   9  205   4   66731.5
  10  490  19   68531.5
  17  222   8   68183.0
  20  481   7   71762.5
  21  285  11   63273.0
  22  232  13   51165.5
  23  411  16   74190.0
  29  202  16   51567.0
  30  429  16   65905.5
  31  366  10   70726.5
  33  420  18   64746.5
  39  482  19   68903.5
  40  398  16   68784.0
  41  202  13   48356.5
  52  365   3   75349.5
  53  206  19   58137.0
  55  481   6   82209.0
  58  224   5   57257.5
  64  212  16   63033.5
  67  252  19   55815.0
  77  211  18   57100.5
  84  110   6   56558.0
  90  332   9   69165.5
  91  361   7   69978.0
  92  286   2   67189.0
  94  468   7   67550.5
  96  142  13   55197.0
