   5 1368   6   79542.0
  11 1082  17   73513.5
  12  758   6   75721.0
  24  809   6   75289.5
  25  923   5   73198.5
  26 1284  15   78380.5
  28  904  14   76045.5
  34 1149   3   77768.0
  35 1405   3   79521.0
  37 1001  19   75329.5
  42 1343  13   79460.0
  43 1289  17   80824.5
  44  836  15   68980.0
  45 1348   9   79666.5
  46 1161   5   79418.5
  54 1024  17   77174.5
  61  529  10   67832.5
  62 1416   5   83849.0
  63  764  20   70007.5
  65  815  12   75850.0
  69 1428  16   80220.5
  73 1204   8   80356.5
  74 1335   4   77942.0
  75 1470   9   83890.5
  78  813  20   73492.0
  79  757   2   79726.5
  81  539  14   72431.0
  82 1287  14   78137.5
  86 1284   8   77836.5
  87 1109   7   76654.0
  93  561  16   69636.0
  97 1466  16   77365.5
  98  869   7   77460.0
  99  729  16   67753.5
