   1   10   3   10547.5
   2   90  17   22635.0
   4   22  13   21715.0
   6   61  11   15694.0
   7   32  20   16473.5
  13   61  14   14239.0
  14   84  12   28199.0
  15   74   7   43544.0
  16   75   8   32351.5
  18   90   3   60082.5
  19   27   9   21772.5
  27   60  14   15016.0
  32   29  12   19022.0
  36   91   7   47677.5
  38   34   7   23923.5
  47   81  13   31845.5
  48   27  15    1018.0
  49   54  18   14666.5
  50   81  16   21831.0
  51   89   5   56364.5
  56   57   6   32443.0
  57   87  14   30179.0
  59   21  18   21959.0
  60   68  10   30566.0
  66   55  18   11068.0
  68   73  12   26308.0
  70   56   4   40418.5
  71   76  14   17996.5
  72   66  13   14638.5
  76   88   4   49686.0
  80   76   6   36699.5
  83   98   3   52380.5
  85   64   3   47013.5
  88   44   5   36955.5
  89   91  12   27095.5
  95   43  13   19679.5
