   3  166  16   43965.5
   8  254  20   56644.0
   9  205   4   65947.0
  10  490  19   63048.5
  17  222   8   62635.5
  20  481   7   70482.0
  21  285  11   58841.5
  22  232  13   49856.0
  23  411  16   69778.5
  29  202  16   42555.0
  30  429  16   62751.0
  31  366  10   68936.0
  33  420  18   61590.5
  39  482  19   61809.5
  40  398  16   60367.0
  41  202  13   42580.0
  52  365   3   74294.0
  53  206  19   48093.0
  55  481   6   80008.0
  58  224   5   56754.0
  64  212  16   51408.5
  67  252  19   49336.0
  77  211  18   53042.0
  84  110   6   52944.0
  90  332   9   66575.0
  91  361   7   66356.0
  92  286   2   67189.0
  94  468   7   65874.0
  96  142  13   48443.5
