   5 1368   6   80524.5
  11 1082  17   76525.5
  12  758   6   76744.5
  24  809   6   75666.5
  25  923   5   74584.0
  26 1284  15   78212.5
  28  904  14   77754.5
  34 1149   3   78011.0
  35 1405   3   79606.5
  37 1001  19   77477.0
  42 1343  13   80801.5
  43 1289  17   82258.5
  44  836  15   73604.0
  45 1348   9   80720.0
  46 1161   5   80416.5
  54 1024  17   78342.0
  61  529  10   73230.0
  62 1416   5   84959.5
  63  764  20   74476.0
  65  815  12   77799.0
  69 1428  16   81265.0
  73 1204   8   82369.0
  74 1335   4   78753.5
  75 1470   9   84367.0
  78  813  20   78104.0
  79  757   2   79726.5
  81  539  14   76591.5
  82 1287  14   79477.0
  86 1284   8   80274.0
  87 1109   7   77221.0
  93  561  16   75031.5
  97 1466  16   79037.5
  98  869   7   78691.5
  99  729  16   71979.0
