   3  166  16   42473.0
   8  254  20   49663.5
   9  205   4   65947.0
  10  490  19   62105.0
  17  222   8   59998.5
  20  481   7   68561.0
  21  285  11   55604.5
  22  232  13   49705.5
  23  411  16   66830.0
  29  202  16   41840.0
  30  429  16   62311.0
  31  366  10   68149.5
  33  420  18   58791.5
  39  482  19   58844.0
  40  398  16   58738.0
  41  202  13   40057.5
  52  365   3   74463.0
  53  206  19   42813.5
  55  481   6   80359.0
  58  224   5   56505.0
  64  212  16   47833.5
  67  252  19   44327.0
  77  211  18   44729.0
  84  110   6   54606.0
  90  332   9   66209.5
  91  361   7   67754.0
  92  286   2   67189.0
  94  468   7   65482.0
  96  142  13   46835.0
