   5 1368   6   74169.0
  11 1082  17   72078.0
  12  758   6   75970.5
  24  809   6   75225.0
  25  923   5   69147.5
  26 1284  15   70761.5
  28  904  14   80519.0
  34 1149   3   75844.5
  35 1405   3   75180.0
  37 1001  19   77150.5
  42 1343  13   78089.0
  43 1289  17   74879.5
  44  836  15   64906.0
  45 1348   9   75760.0
  46 1161   5   74135.5
  54 1024  17   75060.5
  61  529  10   70843.5
  62 1416   5   77533.0
  63  764  20   72305.0
  65  815  12   77664.0
  69 1428  16   80253.0
  73 1204   8   74071.0
  74 1335   4   74249.0
  75 1470   9   74269.0
  78  813  20   75535.0
  79  757   2   73296.5
  81  539  14   78779.5
  82 1287  14   75715.0
  86 1284   8   73233.5
  87 1109   7   69481.0
  93  561  16   77010.5
  97 1466  16   73350.5
  98  869   7   77336.0
  99  729  16   72304.0
