   1   10   3   33467.5
   2   90  17   67609.0
   4   22  13   50322.5
   6   61  11   58668.5
   7   32  20   74662.5
  13   61  14   72908.0
  14   84  12   68058.0
  15   74   7   79538.0
  16   75   8   70081.5
  18   90   3   70280.5
  19   27   9   74970.0
  27   60  14   66093.5
  32   29  12   59998.0
  36   91   7   80742.0
  38   34   7   61778.5
  47   81  13   88494.5
  48   27  15   58892.5
  49   54  18   54661.5
  50   81  16   73499.5
  51   89   5   83762.5
  56   57   6   56480.5
  57   87  14   72605.5
  59   21  18   51118.5
  60   68  10   79337.5
  66   55  18   80714.0
  68   73  12   79291.0
  70   56   4   71803.5
  71   76  14   66005.0
  72   66  13   56677.5
  76   88   4   71734.0
  80   76   6   60145.0
  83   98   3   58639.5
  85   64   3   64624.0
  88   44   5   74820.5
  89   91  12   65769.0
  95   43  13   76920.0
