   5 1368   6   79343.5
  11 1082  17   76967.5
  12  758   6   77686.5
  24  809   6   80247.0
  25  923   5   72202.0
  26 1284  15   78143.0
  28  904  14   86880.5
  34 1149   3   83488.0
  35 1405   3   83469.0
  37 1001  19   79680.5
  42 1343  13   85350.5
  43 1289  17   82409.5
  44  836  15   68914.5
  45 1348   9   82011.0
  46 1161   5   81803.0
  54 1024  17   81194.0
  61  529  10   70848.5
  62 1416   5   84274.0
  63  764  20   74504.0
  65  815  12   79708.0
  69 1428  16   87204.5
  73 1204   8   79177.0
  74 1335   4   80280.0
  75 1470   9   84350.5
  78  813  20   78118.5
  79  757   2   76650.5
  81  539  14   78940.0
  82 1287  14   80271.0
  86 1284   8   80642.5
  87 1109   7   77145.0
  93  561  16   77117.5
  97 1466  16   81491.5
  98  869   7   78767.0
  99  729  16   74049.5
