   3  166  16   73437.5
   8  254  20   76429.0
   9  205   4   77104.5
  10  490  19   74893.0
  17  222   8   66338.0
  20  481   7   71290.5
  21  285  11   82446.0
  22  232  13   67728.5
  23  411  16   73112.5
  29  202  16   67137.0
  30  429  16   69662.5
  31  366  10   74247.5
  33  420  18   74494.0
  39  482  19   78011.0
  40  398  16   68070.5
  41  202  13   62304.5
  52  365   3   75718.5
  53  206  19   75345.5
  55  481   6   77724.5
  58  224   5   67077.0
  64  212  16   80807.0
  67  252  19   68581.0
  77  211  18   71164.0
  84  110   6   70460.5
  90  332   9   73251.0
  91  361   7   78521.5
  92  286   2   72227.5
  94  468   7   66739.0
  96  142  13   84610.5
