   3  166  16   53718.0
   8  254  20   53437.5
   9  205   4   65160.5
  10  490  19   64330.5
  17  222   8   61149.5
  20  481   7   68910.5
  21  285  11   56676.0
  22  232  13   48005.0
  23  411  16   70703.0
  29  202  16   41578.0
  30  429  16   63780.5
  31  366  10   69022.5
  33  420  18   59126.5
  39  482  19   62965.0
  40  398  16   58002.0
  41  202  13   43298.0
  52  365   3   74294.0
  53  206  19   46806.0
  55  481   6   80112.0
  58  224   5   57172.5
  64  212  16   56061.0
  67  252  19   44320.5
  77  211  18   48324.5
  84  110   6   55560.0
  90  332   9   66654.0
  91  361   7   68670.0
  92  286   2   67189.0
  94  468   7   65725.0
  96  142  13   51819.5
