   5 1368   6   76680.5
  11 1082  17   71900.5
  12  758   6   74825.5
  24  809   6   73139.5
  25  923   5   71519.0
  26 1284  15   73082.0
  28  904  14   72125.5
  34 1149   3   74769.5
  35 1405   3   76632.5
  37 1001  19   75666.0
  42 1343  13   75833.5
  43 1289  17   78587.5
  44  836  15   65781.5
  45 1348   9   74264.5
  46 1161   5   77803.5
  54 1024  17   72025.0
  61  529  10   66514.0
  62 1416   5   79083.0
  63  764  20   66636.0
  65  815  12   71978.0
  69 1428  16   78236.0
  73 1204   8   77314.0
  74 1335   4   76117.0
  75 1470   9   78253.5
  78  813  20   68120.0
  79  757   2   77625.0
  81  539  14   71528.0
  82 1287  14   73542.0
  86 1284   8   76456.5
  87 1109   7   73133.0
  93  561  16   69152.5
  97 1466  16   72369.5
  98  869   7   76161.5
  99  729  16   66351.0
