   1   10   3   10547.5
   2   90  17   23742.5
   4   22  13   21715.0
   6   61  11   16064.5
   7   32  20   20897.5
  13   61  14   14599.5
  14   84  12   25566.5
  15   74   7   39542.0
  16   75   8   32737.5
  18   90   3   62081.0
  19   27   9   22355.5
  27   60  14   13548.5
  32   29  12   13599.0
  36   91   7   49007.0
  38   34   7   23923.5
  47   81  13   31617.5
  48   27  15    9117.0
  49   54  18   14696.0
  50   81  16   21799.5
  51   89   5   56364.5
  56   57   6   31975.0
  57   87  14   28778.5
  59   21  18   14653.5
  60   68  10   31000.5
  66   55  18   10702.5
  68   73  12   29607.5
  70   56   4   42595.0
  71   76  14   18596.5
  72   66  13   12449.5
  76   88   4   49686.0
  80   76   6   35604.5
  83   98   3   52380.5
  85   64   3   46681.5
  88   44   5   36955.5
  89   91  12   26378.0
  95   43  13   26693.0
