   5 1368   6   79999.5
  11 1082  17   75441.5
  12  758   6   75377.5
  24  809   6   75406.5
  25  923   5   73244.0
  26 1284  15   78935.5
  28  904  14   77661.5
  34 1149   3   78036.5
  35 1405   3   79467.0
  37 1001  19   76137.5
  42 1343  13   79599.0
  43 1289  17   82204.5
  44  836  15   71353.5
  45 1348   9   80197.5
  46 1161   5   79143.0
  54 1024  17   77918.0
  61  529  10   69806.5
  62 1416   5   83854.5
  63  764  20   72670.0
  65  815  12   75421.5
  69 1428  16   81727.0
  73 1204   8   80592.0
  74 1335   4   78345.5
  75 1470   9   84061.0
  78  813  20   71860.0
  79  757   2   79066.5
  81  539  14   72801.5
  82 1287  14   75187.5
  86 1284   8   79006.0
  87 1109   7   75373.5
  93  561  16   72256.5
  97 1466  16   77556.5
  98  869   7   77995.0
  99  729  16   70796.5
