   1   10   3   10547.5
   2   90  17   19313.5
   4   22  13   19751.5
   6   61  11   16236.0
   7   32  20   19489.0
  13   61  14   14275.5
  14   84  12   29311.5
  15   74   7   40433.0
  16   75   8   34201.0
  18   90   3   64205.0
  19   27   9   24780.0
  27   60  14   13603.0
  32   29  12   24366.0
  36   91   7   47569.5
  38   34   7   23200.5
  47   81  13   29525.5
  48   27  15    5360.5
  49   54  18   14662.0
  50   81  16   21025.5
  51   89   5   56364.5
  56   57   6   32330.5
  57   87  14   31861.0
  59   21  18   19980.0
  60   68  10   31457.5
  66   55  18   13114.5
  68   73  12   24492.5
  70   56   4   42562.0
  71   76  14   16600.0
  72   66  13   14495.0
  76   88   4   49686.0
  80   76   6   36193.5
  83   98   3   52380.5
  85   64   3   46400.0
  88   44   5   36667.0
  89   91  12   26629.0
  95   43  13   16861.0
