   3  166  16   42615.5
   8  254  20   46879.0
   9  205   4   65242.5
  10  490  19   58690.0
  17  222   8   60044.0
  20  481   7   68162.5
  21  285  11   55699.0
  22  232  13   45721.5
  23  411  16   64818.0
  29  202  16   41024.5
  30  429  16   58130.5
  31  366  10   67844.0
  33  420  18   55996.0
  39  482  19   57395.5
  40  398  16   54132.5
  41  202  13   37890.5
  52  365   3   74070.0
  53  206  19   43942.0
  55  481   6   79453.0
  58  224   5   55827.5
  64  212  16   51841.5
  67  252  19   42583.0
  77  211  18   47549.0
  84  110   6   56335.5
  90  332   9   64576.5
  91  361   7   66974.5
  92  286   2   67189.0
  94  468   7   63639.5
  96  142  13   47252.0
