   3  166  16   35834.0
   8  254  20   45640.0
   9  205   4   65160.5
  10  490  19   57928.5
  17  222   8   58803.5
  20  481   7   68174.0
  21  285  11   52893.0
  22  232  13   46570.0
  23  411  16   61488.5
  29  202  16   36120.0
  30  429  16   57995.0
  31  366  10   67692.0
  33  420  18   53811.0
  39  482  19   56534.5
  40  398  16   54317.5
  41  202  13   38219.5
  52  365   3   73900.5
  53  206  19   42619.5
  55  481   6   79554.0
  58  224   5   55827.5
  64  212  16   42091.5
  67  252  19   41997.0
  77  211  18   36064.5
  84  110   6   51744.5
  90  332   9   64380.0
  91  361   7   66056.0
  92  286   2   67189.0
  94  468   7   64216.5
  96  142  13   41452.0
