   5 1368   6   79750.0
  11 1082  17   74850.5
  12  758   6   75682.5
  24  809   6   74950.5
  25  923   5   73267.0
  26 1284  15   78380.5
  28  904  14   76998.0
  34 1149   3   78020.5
  35 1405   3   79571.0
  37 1001  19   75351.0
  42 1343  13   79962.5
  43 1289  17   80824.5
  44  836  15   69758.5
  45 1348   9   79666.5
  46 1161   5   79418.5
  54 1024  17   76174.0
  61  529  10   68313.5
  62 1416   5   84707.0
  63  764  20   70267.0
  65  815  12   74847.5
  69 1428  16   81336.5
  73 1204   8   80806.5
  74 1335   4   78548.0
  75 1470   9   84099.5
  78  813  20   73798.0
  79  757   2   79835.5
  81  539  14   71042.0
  82 1287  14   78545.5
  86 1284   8   78836.5
  87 1109   7   76083.5
  93  561  16   69561.0
  97 1466  16   78916.0
  98  869   7   77715.0
  99  729  16   69079.0
 104 1084  13   76180.5
 105 1039  20   74330.5
 107 1127  10   74107.5
 110 1378   8   80957.5
 111 1179   6   80592.0
 112  854  12   74226.5
 114 1398   2   80304.5
 115 1379  13   74383.0
 120  995  17   76385.0
 123  634  10   68751.0
 124  527  17   65170.0
 126 1435  16   80829.5
 128 1411  20   77885.0
 130 1388  15   82431.0
 131 1011   8   75168.5
 142  956  11   77028.5
 144  893  13   73814.5
 146 1050  10   76453.0
 150  837  12   72184.0
 151  528  13   61789.0
 157 1301   3   80037.0
 161  993   5   79058.5
 163  997   8   78056.5
 164  578  11   69817.5
 168 1083   8   77001.0
 172  587   6   75486.0
 178 1000   6   74896.5
 182 1428  17   79975.5
 184 1435  12   75560.0
 186 1278  15   82090.5
 187 1387  10   78897.0
 189 1381  10   80688.5
 192 1337   7   81589.5
 193 1002  15   79800.0
 196 1204  10   79521.5
 197  893   5   74187.5
 201  726   6   73866.0
 203 1022   5   76872.0
 204  955  12   75086.5
 205 1408   4   83008.5
 206  745  14   72899.0
 207 1342   9   78630.5
 208 1452   4   84649.5
 216  776   6   77708.5
 217  606   5   77458.0
 218  711   2   77509.5
 219  717  17   70954.5
 226 1251  12   78003.0
 230 1397  16   84997.0
 234 1122  12   76163.5
 237 1151  14   79158.0
 238 1306   9   83935.5
 239  932  19   74882.5
 242 1209  18   75550.0
 244 1342  18   76317.5
 245  780   7   74214.5
 247 1415  18   83084.5
 251  883   3   74010.0
 254 1164  10   81036.5
 257  594   5   69656.5
 260  815  18   73241.0
 263  765   9   70349.0
 265  692  20   68950.0
 268  779   2   77703.5
 271 1477  15   83213.5
 274 1358  19   76469.5
 275  711   3   74250.0
 276 1271   6   79971.5
 277  951  15   70496.0
 278 1020  18   79404.5
 280 1101  16   78841.0
 284  592   8   69411.0
 294  604  11   72650.0
 295 1038  11   74667.5
 296  887  12   75747.0
 299  722   4   78678.5
 305  521   6   68991.0
 308  918  10   70726.5
 310 1293  17   81059.5
 311 1252   8   78773.5
 312  696   5   79113.5
 318 1252  20   80345.0
 325 1468  11   80426.5
 329  510  17   61319.0
 336 1028   5   82699.5
 341 1498  13   81451.5
 343 1316   2   77959.0
 345  535   6   73219.0
 346 1017   4   77985.5
 350  607   4   74183.5
 351 1034  17   75341.0
 353 1157   2   79687.0
 354  529   8   76526.0
 355  560  13   71579.0
 357  935   4   79056.0
 359 1087   7   77301.5
 361  521  10   68032.5
 365 1280   7   82400.5
 371 1441  19   79000.5
 373 1070   8   78327.5
 375  900  11   73164.0
 378  867  17   73299.5
 379 1488   9   80292.0
 381  885   9   75255.5
 387 1131  10   75403.0
 388  537   4   76105.0
 390 1048   4   74589.0
 393 1328  11   79205.5
 397 1046  18   78704.0
 398  509   3   77578.0
 399  999  18   78242.0
 401 1148  15   74414.0
 402 1221   8   78289.5
 404 1226  10   82584.5
 406 1303  20   79777.0
 407 1147   5   74889.5
 411  600   5   86193.0
 413  598   8   74779.0
 414  901   9   78144.5
 417  786   2   76599.5
 423 1120  13   80847.0
 424 1049  19   79166.5
 426  776  17   77750.0
 429 1156  10   78053.0
 432 1013  18   77580.0
 433  839   2   75398.0
 436 1209  19   75105.0
 437 1052  18   78756.0
 440 1447   2   83665.5
 442 1407   2   84901.5
 444  970  14   76378.0
 445 1197   7   77460.5
 450 1243   9   75987.0
 457 1418   3   82818.0
 461 1490   8   85966.5
 465 1306   3   75320.0
 467 1285  13   84522.5
 468 1285   9   77326.5
 469  635  10   75804.5
 476  886  10   83200.0
 477 1050  20   76295.0
 478 1252   8   81876.0
 481 1013   8   78264.0
 482  713   5   74587.5
 486 1216  17   79161.0
 489 1022  14   79341.0
 492 1394  17   77764.0
 494 1238   3   82949.0
 496  634   9   71657.5
 497 1366  16   81396.0
 498  999  14   79012.0
 500  850   8   75198.5
 505  737   6   70337.0
 509 1388   8   82230.5
 510 1328  16   79675.5
 511 1486  18   82503.5
 513  602  14   68640.5
 514 1457   2   83417.0
 517  936   5   74410.5
 521  956  14   75228.0
 522 1118   4   78210.5
 523 1125   8   81429.0
 525  908   2   78793.0
 526 1337   9   75695.5
 527 1214   3   79867.5
 528  807  15   71812.5
 529 1460   3   82730.5
 533 1444   6   84129.5
 535 1376   7   82842.0
 536 1340  20   77755.5
 544 1028  18   72809.0
 546 1372  15   80149.5
 551 1184  14   77804.0
 557  859   5   76578.0
 559  894   2   75555.0
 561 1218   2   81837.0
 562 1459  16   81818.0
 564 1207  15   77514.5
 568 1080  17   80910.0
 576  500  14   64168.5
 579 1363  15   78282.0
 581 1122  14   75437.0
 587  987   8   76595.0
 589 1371  13   79025.0
 594 1476   6   83199.5
 597 1475   7   79013.5
 598  899   5   78328.0
 599  759   4   77885.5
 601  718  17   71218.5
 602 1472  11   81120.5
 609  703   2   84089.0
 610  906   3   77007.5
 611  709  20   69291.0
 615 1321   9   82921.5
 618  576  20   71390.0
 619  687   4   77452.0
 620  888  16   66556.5
 626 1305   5   78304.0
 630 1049  17   75382.5
 632  943  13   78072.0
 633 1118  12   77722.0
 637 1093   9   73658.0
 639 1052   9   71703.0
 643 1164  16   75774.0
 644 1461  10   79650.5
 647  859   9   76245.0
 648  798   6   73420.0
 650  890   9   74812.0
 653  637  14   66928.0
 654  646  15   71926.0
 656 1112   5   77681.5
 657 1390  16   76969.5
 663 1052  18   74941.5
 665  583  12   69464.5
 670 1307  18   81520.5
 672 1444  20   84595.0
 675 1125  17   76011.0
 679 1146  14   73459.5
 687  975  17   74785.5
 688 1246  13   79423.5
 704 1252  13   78365.5
 707 1361   5   80102.0
 708  715  15   71125.0
 709 1051  18   74635.5
 710  885   9   76163.5
 711  728  11   74713.0
 716  938  16   74251.5
 719  841   9   76092.5
 720 1067   6   78056.5
 722  806  14   74903.0
 723  531   5   68838.5
 725 1316  10   79221.0
 726  515  14   69825.5
 736 1024  14   75328.0
 737 1448  16   85093.5
 745  741  16   66152.0
 746 1046   2   77039.0
 747  532  16   60413.0
 752 1282  17   82364.0
 757  913  11   73617.0
 761 1361   3   75448.5
 763  920  14   73089.5
 764 1372   2   80408.5
 768 1008   4   73212.5
 769  928   6   77184.5
 775 1294   6   81754.5
 776  785   6   72769.0
 783 1130  10   77764.5
 784 1074  14   75728.5
 787 1397  16   81167.5
 788 1284  14   74298.0
 792  965  19   72766.0
 797  662  13   68499.5
 798  996  15   72713.5
 799 1393  14   76440.0
 813  881  12   68505.0
 816  606  17   73965.5
 817 1019   9   76141.0
 823 1478   6   78075.5
 824  912   6   80242.0
 825 1027  14   75549.0
 827  816   2   78894.0
 830 1376   8   83591.5
 831 1445   3   82122.0
 838 1006  12   72825.0
 839  689   7   74910.5
 840  913  12   72706.5
 846  515  16   72651.0
 848  706   3   72095.0
 850  550  15   68840.0
 851  747  12   69633.0
 854 1091  11   78000.5
 859 1357  16   77962.0
 865  643  16   67334.5
 867  847  12   78186.0
 868  606   5   74270.5
 869 1098   7   71975.5
 870 1260   2   75233.0
 871  643  19   67878.0
 876 1466  11   81700.5
 878  515  17   65673.0
 879 1090   6   74644.5
 880  688   5   80887.0
 882 1464   9   81920.5
 885  787  15   68113.0
 887  760   8   73684.5
 889 1256  17   78315.5
 890 1497   7   81488.5
 891 1162  12   80295.5
 893  834  18   73495.0
 897  682  10   71645.5
 902 1170  20   75853.5
 905 1335   6   82807.0
 907  548  16   68923.5
 919 1387  11   80749.5
 926  510  19   67103.5
 927  701   6   76068.0
 932 1041  13   72051.0
 933  860  20   73945.5
 934 1315  20   80619.0
 938 1306  17   86249.5
 940  895   9   86136.5
 942 1421   9   81542.0
 946 1013   7   77601.0
 948  539  15   61603.5
 949  600  14   68251.5
 955  948   2   76509.5
 957  703  13   70017.5
 959  584  10   72520.5
 962  997  17   75936.0
 963  819  11   70761.5
 965  650  15   63810.5
 967  671  20   65472.5
 968 1191  16   77758.5
 973  919  12   77428.5
 976 1231   7   84818.0
 978 1230  19   82072.5
 983 1498   8   81207.5
 986  634  15   70828.5
 987 1468  18   76822.0
 990 1140  20   78108.0
 992 1067  15   81054.5
 996  511   2   65941.5
 999 1487  19   86788.5
