   5 1368   6   72908.0
  11 1082  17   68401.0
  12  758   6   74050.5
  24  809   6   73007.5
  25  923   5   69462.0
  26 1284  15   70262.0
  28  904  14   71862.5
  34 1149   3   73853.5
  35 1405   3   72832.0
  37 1001  19   71188.5
  42 1343  13   73312.0
  43 1289  17   73254.0
  44  836  15   64780.0
  45 1348   9   73306.5
  46 1161   5   75123.5
  54 1024  17   71552.5
  61  529  10   66959.5
  62 1416   5   75613.5
  63  764  20   64534.0
  65  815  12   70618.0
  69 1428  16   74994.0
  73 1204   8   74923.0
  74 1335   4   74915.0
  75 1470   9   75844.0
  78  813  20   67302.5
  79  757   2   76969.5
  81  539  14   69187.5
  82 1287  14   70778.5
  86 1284   8   74169.0
  87 1109   7   72492.0
  93  561  16   65880.0
  97 1466  16   68311.0
  98  869   7   75650.5
  99  729  16   64828.5
