   1   10   3   10547.5
   2   90  17   23048.5
   4   22  13   18423.5
   6   61  11   15696.0
   7   32  20   19631.5
  13   61  14   15202.0
  14   84  12   26500.0
  15   74   7   42876.0
  16   75   8   36159.5
  18   90   3   64205.0
  19   27   9   20575.0
  27   60  14   12812.0
  32   29  12   12551.5
  36   91   7   48690.0
  38   34   7   23923.5
  47   81  13   30731.5
  48   27  15    7959.5
  49   54  18   19527.5
  50   81  16   21865.0
  51   89   5   55853.5
  56   57   6   27938.0
  57   87  14   32882.0
  59   21  18    9000.0
  60   68  10   28248.5
  66   55  18   29080.5
  68   73  12   27605.5
  70   56   4   41326.0
  71   76  14   16987.5
  72   66  13   10287.0
  76   88   4   49686.0
  80   76   6   35935.0
  83   98   3   52380.5
  85   64   3   47013.5
  88   44   5   36254.5
  89   91  12   28265.0
  95   43  13   17410.5
 102   23   7   16928.5
 103   44   5   37112.5
 106   96  12   34665.5
 109   92   3   57759.0
 118   21  14   25496.5
 121   57   2   61271.5
 122   28   3   66134.5
 125   70  10   25015.0
 129   90  12   27008.0
 133   54  12   12481.0
 135   51  15   15112.0
 137   42  16   16595.0
 139   79  11   29427.5
 140   61  11   26494.5
 141   93  19   22021.5
 143   98  17   26982.5
 145   76  20   14954.0
 147   33   6   16707.0
 152   71  18   17065.0
 153   71  15   19732.5
 154   60  14   13145.0
 155   66   2   65980.5
 158   92  14   24858.5
 159   72   4   56540.5
 162   65   7   39923.0
 165   80  14   16409.0
 166   90  14   27163.5
 167   23  14   25518.5
 169   92  17   22801.0
 171   33   6   15726.5
 173   83   8   39404.5
 175   32  11   17616.0
 177   57   3   46058.5
 179   52  15   14052.5
 180   55   7   31244.0
 188   73  11   13802.0
 195   81  11   28972.5
 198   50   6   33263.0
 200   88  19   17213.0
 210   58  16   14274.5
 211   50  13   16368.5
 212   91  12   29487.0
 213   75  11   29711.0
 215   77   4   60342.0
 224   67  20   18108.0
 228   64  13   18684.5
 229   43  15   17391.0
 233   53  16   24080.0
 241   70  13   18722.5
 246   88  20   15070.5
 255   89  20   13947.5
 258   21   3   50068.5
 262   91   8   34490.0
 264   85   3   51746.0
 270   41   6   28795.0
 273   55   3   58779.5
 285   87   9   27148.0
 288   68   6   49869.5
 290   29  20   27173.0
 293   34  10   17136.0
 297   26  13   16507.5
 298   65  20   14216.0
 301   91  17   18400.5
 303   94  20   14606.5
 307   39  10   15187.0
 313   45  13    9050.5
 314   90  13   28717.0
 316   45   6   23980.5
 317   71  13   17088.5
 319   25  17   10706.0
 320   65   6   31813.0
 324   28  10   22813.0
 326   45   9   15689.0
 327   55   6   38073.5
 330   27   3   54314.5
 331   34  20   21810.0
 332   89   2   62657.0
 333   63  16   17813.5
 334   35  19   16722.5
 335   87   6   41235.0
 337   47   5   37501.5
 340   32  17   22450.0
 344   20  16   11699.0
 347   98   4   47690.5
 360   35   2   46704.0
 363   59   7   32496.0
 364   21  11   16611.5
 366   95  13   19583.5
 367   29   3   54409.5
 368   37  14   12386.5
 369   96  20   19791.5
 370   25  16   16877.5
 374   73   5   44126.5
 377   38  12    7992.5
 382   42  19   14424.5
 385   89  13   26860.0
 386   32  19   14590.5
 389   74  14   25602.5
 392   36   6   23423.5
 395   93  15   20185.0
 396   82   8   41426.0
 400   25   3   40609.5
 403   71  14   21406.0
 412   76  16   15303.5
 419   67  16   13157.0
 427   50   8   28318.0
 431   23  10   16680.5
 438   46   9   20290.0
 439   73  18   15325.5
 443   34   7   23514.0
 446   96   7   35520.0
 447   25  15   14338.0
 448   27   3   40504.0
 452   52   9   21908.5
 455   82   7   47142.0
 458   72  12   20573.5
 460   95   4   54054.5
 464   34   4   44213.0
 473   74  16   21926.5
 474   57  17   25684.0
 479   50   5   36101.5
 480   86  18   20906.5
 487   25  14   33157.5
 490   53  17   19507.0
 491   67  15   19220.0
 493   93  17   20821.5
 495   26  17   12589.5
 499   35  18   14857.0
 507   23   2   39457.0
 508   75   8   36735.0
 519   97   2   70345.0
 520   63  13   21997.5
 524   69   3   42519.0
 530   65   3   51522.5
 537   73  14   27950.0
 538   96  12   28476.5
 539   80  19   18575.0
 542   64  13   18687.5
 553   54  12   14481.5
 558   78   3   63751.5
 560   60  13   16491.0
 563   40  17   23557.5
 567   94  17   23772.0
 569   97  15   21652.5
 575   23   3   46310.0
 577   97   6   45396.0
 578   58   2   71405.0
 580   59  13   14454.0
 583   94   5   45153.0
 585   59  19   17809.5
 605   87   4   55378.5
 607   48  15   19853.5
 608   52  18   19723.0
 614   41   7   31726.0
 623   39  13   16197.0
 624   72  13   23837.0
 625   64  10   23712.0
 629   84  12   27622.5
 631   35  10   21133.0
 634   83  18   11634.0
 636   75  20   15484.5
 638   23  18   23653.0
 641   36  20   11989.5
 642   65  16   15037.0
 646   93  12   29172.0
 649   56  13   20997.5
 651   86  13   18041.0
 655   63  20   19659.5
 659   80   2   54390.0
 661   85  15   21850.0
 664   25   9   23181.0
 667   84   2   60833.0
 669   76   9   28599.5
 671   44  16   12413.0
 673   28  11   34469.5
 674   58  13   17625.5
 676   76  12   26069.5
 677   46   7   27388.0
 678   91   4   51666.0
 681   78   7   27965.0
 682   73   3   49073.0
 684   99   4   64291.0
 686   23   9   22476.5
 690   73  10   25976.5
 692   93  18   18885.5
 695   62  15   15693.0
 696   30   6   15852.5
 697   36  20   14176.5
 698   61  18   17766.0
 703   41  11   16792.0
 706   83  20   15554.5
 714   92  18   14544.5
 715   84   2   70268.0
 717   83   3   66609.0
 718   24  16   13617.5
 727   53  15   18779.5
 734   97  12   35345.5
 738   26   4   33213.5
 742   71   8   26324.5
 751   27   5   17014.5
 753   44  18   20977.0
 762   64  17   15351.0
 766   63  20   16983.5
 767   28   9   19735.5
 772   91  12   27275.0
 773   53  20   15104.0
 774   86  12   26223.0
 779   99  17   27909.5
 782   85   9   41077.0
 785   25   6   17316.0
 789   50   2   49820.0
 795   69   5   45819.0
 796   35  15   16910.0
 801   93  12   34433.0
 803   43  15    7252.5
 804   72   5   42287.0
 805   30  19   14209.0
 806   75   7   46183.5
 807   53   9   14743.0
 815   96  20   14386.0
 821   81  20   11847.5
 828   69   7   38590.5
 829   69  11   24604.5
 837   90   4   51554.5
 844   30   2   58706.5
 849   51  20   18137.5
 852   35   3   37999.5
 855   23  11   19803.0
 858   64  16   13699.5
 862   23   8   17386.0
 864   82  15   21213.5
 872   39   4   36994.0
 873   61   7   29458.5
 874   53  17   17169.0
 881   50  15   17139.5
 883   62   8   27834.0
 892   88   8   29387.5
 895   47  17   14183.0
 898   32  19   10035.5
 900   93  16   20648.5
 901   69   2   60196.5
 908   25  12   16358.0
 913   30  11   16854.0
 915   70  10   25449.5
 916   53   5   25332.5
 923   88  20   15012.5
 925   24   4   46238.0
 929   60  13   19113.5
 930   92  17   22486.0
 931   26  11   11654.5
 935   83  10   36042.5
 936   87   2   61208.5
 939   90  20   16291.0
 941   44  16   14713.0
 944   37  15   12435.0
 945   88  19   16240.0
 947   87   6   41371.5
 950   92   5   48096.5
 951   65   4   45835.5
 960   21   9   17476.0
 961   82  15   20343.0
 964   99  13   24315.5
 969   91  14   27410.0
 975   96   8   44148.0
 977   22  12   23299.5
 981   63  15    8839.5
 982   71  16   12529.0
 984   71   4   48985.0
 985   42  20   19239.5
 994   59   8   33872.0
 995   39  19   12278.0
 998   89  19   16155.0
