   1   10   3   10547.5
   2   90  17   45143.5
   4   22  13   28437.5
   6   61  11   30352.5
   7   32  20   31650.5
  13   61  14   29691.0
  14   84  12   35330.5
  15   74   7   47400.5
  16   75   8   36351.0
  18   90   3   62249.0
  19   27   9   28739.5
  27   60  14   31993.0
  32   29  12   34407.0
  36   91   7   51039.0
  38   34   7   35591.5
  47   81  13   34942.5
  48   27  15   32397.0
  49   54  18   33779.5
  50   81  16   33535.5
  51   89   5   56364.5
  56   57   6   38220.5
  57   87  14   31787.5
  59   21  18   16502.5
  60   68  10   38349.0
  66   55  18   44998.0
  68   73  12   37867.0
  70   56   4   45729.0
  71   76  14   20824.5
  72   66  13   32911.5
  76   88   4   49686.0
  80   76   6   39973.0
  83   98   3   52380.5
  85   64   3   46400.0
  88   44   5   37034.0
  89   91  12   45584.0
  95   43  13   33713.5
