   1   10   3   10547.5
   2   90  17   23048.5
   3  166  16   40051.5
   4   22  13   18423.5
   5 1368   6   79750.0
   6   61  11   15696.0
   7   32  20   19631.5
   8  254  20   53271.5
   9  205   4   65947.0
  10  490  19   62014.5
  11 1082  17   74850.5
  12  758   6   75682.5
  13   61  14   15202.0
  14   84  12   26500.0
  15   74   7   42876.0
  16   75   8   36159.5
  17  222   8   60969.5
  18   90   3   64205.0
  19   27   9   20575.0
  20  481   7   69407.5
  21  285  11   56871.0
  22  232  13   49131.0
  23  411  16   67715.0
  24  809   6   74950.5
  25  923   5   73267.0
  26 1284  15   78380.5
  27   60  14   12812.0
  28  904  14   76998.0
  29  202  16   40331.0
  30  429  16   61291.0
  31  366  10   67872.5
  32   29  12   12551.5
  33  420  18   58633.0
  34 1149   3   78020.5
  35 1405   3   79571.0
  36   91   7   48690.0
  37 1001  19   75351.0
  38   34   7   23923.5
  39  482  19   61830.5
  40  398  16   59276.0
  41  202  13   41781.5
  42 1343  13   79962.5
  43 1289  17   80824.5
  44  836  15   69758.5
  45 1348   9   79666.5
  46 1161   5   79418.5
  47   81  13   30731.5
  48   27  15    7959.5
  49   54  18   19527.5
  50   81  16   21865.0
  51   89   5   55853.5
  52  365   3   74294.0
  53  206  19   47342.5
  54 1024  17   76174.0
  55  481   6   80269.5
  56   57   6   27938.0
  57   87  14   32882.0
  58  224   5   56996.0
  59   21  18    9000.0
  60   68  10   28248.5
  61  529  10   68313.5
  62 1416   5   84707.0
  63  764  20   70267.0
  64  212  16   52034.5
  65  815  12   74847.5
  66   55  18   29080.5
  67  252  19   43738.5
  68   73  12   27605.5
  69 1428  16   81336.5
  70   56   4   41326.0
  71   76  14   16987.5
  72   66  13   10287.0
  73 1204   8   80806.5
  74 1335   4   78548.0
  75 1470   9   84099.5
  76   88   4   49686.0
  77  211  18   43303.5
  78  813  20   73798.0
  79  757   2   79835.5
  80   76   6   35935.0
  81  539  14   71042.0
  82 1287  14   78545.5
  83   98   3   52380.5
  84  110   6   52210.5
  85   64   3   47013.5
  86 1284   8   78836.5
  87 1109   7   76083.5
  88   44   5   36254.5
  89   91  12   28265.0
  90  332   9   66673.0
  91  361   7   66738.5
  92  286   2   67189.0
  93  561  16   69561.0
  94  468   7   65482.0
  95   43  13   17410.5
  96  142  13   46418.0
  97 1466  16   78916.0
  98  869   7   77715.0
  99  729  16   69079.0
 100  256   7   68365.0
 101  315   7   58587.5
 102   23   7   16928.5
 103   44   5   37112.5
 104 1084  13   76180.5
 105 1039  20   74330.5
 106   96  12   34665.5
 107 1127  10   74107.5
 108  157  13   48003.0
 109   92   3   57759.0
 110 1378   8   80957.5
 111 1179   6   80592.0
 112  854  12   74226.5
 113  477   8   69022.5
 114 1398   2   80304.5
 115 1379  13   74383.0
 116  322  12   54962.0
 117  140  12   40141.0
 118   21  14   25496.5
 119  392  10   66586.5
 120  995  17   76385.0
 121   57   2   61271.5
 122   28   3   66134.5
 123  634  10   68751.0
 124  527  17   65170.0
 125   70  10   25015.0
 126 1435  16   80829.5
 127  358  10   59035.0
 128 1411  20   77885.0
 129   90  12   27008.0
 130 1388  15   82431.0
 131 1011   8   75168.5
 132  246  15   46559.5
 133   54  12   12481.0
 134  398   5   69556.0
 135   51  15   15112.0
 136  474   3   70777.5
 137   42  16   16595.0
 138  192   6   70277.0
 139   79  11   29427.5
 140   61  11   26494.5
 141   93  19   22021.5
 142  956  11   77028.5
 143   98  17   26982.5
 144  893  13   73814.5
 145   76  20   14954.0
 146 1050  10   76453.0
 147   33   6   16707.0
 148  333   8   66233.0
 149  417  13   62981.5
 150  837  12   72184.0
 151  528  13   61789.0
 152   71  18   17065.0
 153   71  15   19732.5
 154   60  14   13145.0
 155   66   2   65980.5
 156  410  19   56816.0
 157 1301   3   80037.0
 158   92  14   24858.5
 159   72   4   56540.5
 160  476  12   70576.0
 161  993   5   79058.5
 162   65   7   39923.0
 163  997   8   78056.5
 164  578  11   69817.5
 165   80  14   16409.0
 166   90  14   27163.5
 167   23  14   25518.5
 168 1083   8   77001.0
 169   92  17   22801.0
 170  373   7   69624.5
 171   33   6   15726.5
 172  587   6   75486.0
 173   83   8   39404.5
 174  279  14   52177.0
 175   32  11   17616.0
 176  145   2   80046.0
 177   57   3   46058.5
 178 1000   6   74896.5
 179   52  15   14052.5
 180   55   7   31244.0
 181  348  11   69728.5
 182 1428  17   79975.5
 183  188   5   63031.0
 184 1435  12   75560.0
 185  234   6   63011.5
 186 1278  15   82090.5
 187 1387  10   78897.0
 188   73  11   13802.0
 189 1381  10   80688.5
 190  146  16   31281.5
 191  255  17   48997.5
 192 1337   7   81589.5
 193 1002  15   79800.0
 194  480  18   68359.5
 195   81  11   28972.5
 196 1204  10   79521.5
 197  893   5   74187.5
 198   50   6   33263.0
 199  430   8   71737.0
 200   88  19   17213.0
 201  726   6   73866.0
 202  106   2   67500.5
 203 1022   5   76872.0
 204  955  12   75086.5
 205 1408   4   83008.5
 206  745  14   72899.0
 207 1342   9   78630.5
 208 1452   4   84649.5
 209  127  16   28267.5
 210   58  16   14274.5
 211   50  13   16368.5
 212   91  12   29487.0
 213   75  11   29711.0
 214  375   5   70298.5
 215   77   4   60342.0
 216  776   6   77708.5
 217  606   5   77458.0
 218  711   2   77509.5
 219  717  17   70954.5
 220  169  18   40953.5
 221  219  17   47688.5
 222  347   6   77015.5
 223  270  17   53394.0
 224   67  20   18108.0
 225  115  14   37813.5
 226 1251  12   78003.0
 227  349  20   55269.0
 228   64  13   18684.5
 229   43  15   17391.0
 230 1397  16   84997.0
 231  117   9   36398.0
 232  305  12   64194.0
 233   53  16   24080.0
 234 1122  12   76163.5
 235  208   8   61976.0
 236  308   4   64893.5
 237 1151  14   79158.0
 238 1306   9   83935.5
 239  932  19   74882.5
 240  466   3   68949.0
 241   70  13   18722.5
 242 1209  18   75550.0
 243  445   9   60343.5
 244 1342  18   76317.5
 245  780   7   74214.5
 246   88  20   15070.5
 247 1415  18   83084.5
 248  421   4   66582.0
 249  169  12   45987.5
 250  488   8   64748.5
 251  883   3   74010.0
 252  317   5   64789.0
 253  483  11   67429.0
 254 1164  10   81036.5
 255   89  20   13947.5
 256  191  17   45519.5
 257  594   5   69656.5
 258   21   3   50068.5
 259  293  19   59604.0
 260  815  18   73241.0
 261  101  10   41901.5
 262   91   8   34490.0
 263  765   9   70349.0
 264   85   3   51746.0
 265  692  20   68950.0
 266  310   7   56036.0
 267  267  13   59208.5
 268  779   2   77703.5
 269  251  17   49271.0
 270   41   6   28795.0
 271 1477  15   83213.5
 272  372   8   60129.0
 273   55   3   58779.5
 274 1358  19   76469.5
 275  711   3   74250.0
 276 1271   6   79971.5
 277  951  15   70496.0
 278 1020  18   79404.5
 279  111  11   29505.0
 280 1101  16   78841.0
 281  278  12   55277.0
 282  209   9   57299.5
 283  412  10   66081.5
 284  592   8   69411.0
 285   87   9   27148.0
 286  167  16   40243.0
 287  147   3   63025.5
 288   68   6   49869.5
 289  241  16   47505.0
 290   29  20   27173.0
 291  154   6   54142.5
 292  364   4   68187.0
 293   34  10   17136.0
 294  604  11   72650.0
 295 1038  11   74667.5
 296  887  12   75747.0
 297   26  13   16507.5
 298   65  20   14216.0
 299  722   4   78678.5
 300  202  19   36209.5
 301   91  17   18400.5
 302  335   2   80910.5
 303   94  20   14606.5
 304  399   4   69713.0
 305  521   6   68991.0
 306  205  10   54590.5
 307   39  10   15187.0
 308  918  10   70726.5
 309  452   9   68709.0
 310 1293  17   81059.5
 311 1252   8   78773.5
 312  696   5   79113.5
 313   45  13    9050.5
 314   90  13   28717.0
 315  185  13   49644.0
 316   45   6   23980.5
 317   71  13   17088.5
 318 1252  20   80345.0
 319   25  17   10706.0
 320   65   6   31813.0
 321  370  19   54932.0
 322  213  12   53439.0
 323  155   3   62604.0
 324   28  10   22813.0
 325 1468  11   80426.5
 326   45   9   15689.0
 327   55   6   38073.5
 328  444  16   65193.0
 329  510  17   61319.0
 330   27   3   54314.5
 331   34  20   21810.0
 332   89   2   62657.0
 333   63  16   17813.5
 334   35  19   16722.5
 335   87   6   41235.0
 336 1028   5   82699.5
 337   47   5   37501.5
 338  242  14   55900.0
 339  161  12   45651.0
 340   32  17   22450.0
 341 1498  13   81451.5
 342  254   9   57355.5
 343 1316   2   77959.0
 344   20  16   11699.0
 345  535   6   73219.0
 346 1017   4   77985.5
 347   98   4   47690.5
 348  248  17   49963.0
 349  187  15   46030.0
 350  607   4   74183.5
 351 1034  17   75341.0
 352  216  11   54682.5
 353 1157   2   79687.0
 354  529   8   76526.0
 355  560  13   71579.0
 356  363   7   72489.0
 357  935   4   79056.0
 358  479  10   68558.5
 359 1087   7   77301.5
 360   35   2   46704.0
 361  521  10   68032.5
 362  152   6   62587.0
 363   59   7   32496.0
 364   21  11   16611.5
 365 1280   7   82400.5
 366   95  13   19583.5
 367   29   3   54409.5
 368   37  14   12386.5
 369   96  20   19791.5
 370   25  16   16877.5
 371 1441  19   79000.5
 372  298  17   50158.0
 373 1070   8   78327.5
 374   73   5   44126.5
 375  900  11   73164.0
 376  153  19   35412.5
 377   38  12    7992.5
 378  867  17   73299.5
 379 1488   9   80292.0
 380  445  20   58671.0
 381  885   9   75255.5
 382   42  19   14424.5
 383  487   8   69222.0
 384  191  12   58744.5
 385   89  13   26860.0
 386   32  19   14590.5
 387 1131  10   75403.0
 388  537   4   76105.0
 389   74  14   25602.5
 390 1048   4   74589.0
 391  425  11   65936.5
 392   36   6   23423.5
 393 1328  11   79205.5
 394  264  13   52968.5
 395   93  15   20185.0
 396   82   8   41426.0
 397 1046  18   78704.0
 398  509   3   77578.0
 399  999  18   78242.0
 400   25   3   40609.5
 401 1148  15   74414.0
 402 1221   8   78289.5
 403   71  14   21406.0
 404 1226  10   82584.5
 405  252  20   49412.5
 406 1303  20   79777.0
 407 1147   5   74889.5
 408  208  19   43572.5
 409  295  16   52753.0
 410  128  16   29948.5
 411  600   5   86193.0
 412   76  16   15303.5
 413  598   8   74779.0
 414  901   9   78144.5
 415  324   7   64952.5
 416  172   9   56429.0
 417  786   2   76599.5
 418  274  20   50494.0
 419   67  16   13157.0
 420  346   2   64880.5
 421  271   5   69760.5
 422  371  15   62217.0
 423 1120  13   80847.0
 424 1049  19   79166.5
 425  301  12   60739.0
 426  776  17   77750.0
 427   50   8   28318.0
 428  224  18   44686.5
 429 1156  10   78053.0
 430  383  14   62688.5
 431   23  10   16680.5
 432 1013  18   77580.0
 433  839   2   75398.0
 434  495   6   68388.0
 435  253  20   42333.0
 436 1209  19   75105.0
 437 1052  18   78756.0
 438   46   9   20290.0
 439   73  18   15325.5
 440 1447   2   83665.5
 441  404   8   68349.5
 442 1407   2   84901.5
 443   34   7   23514.0
 444  970  14   76378.0
 445 1197   7   77460.5
 446   96   7   35520.0
 447   25  15   14338.0
 448   27   3   40504.0
 449  481   2   67293.0
 450 1243   9   75987.0
 451  359  11   60809.0
 452   52   9   21908.5
 453  454  11   59518.0
 454  438  19   63218.5
 455   82   7   47142.0
 456  465   7   78206.0
 457 1418   3   82818.0
 458   72  12   20573.5
 459  463   2   72949.0
 460   95   4   54054.5
 461 1490   8   85966.5
 462  317  12   63214.0
 463  399   5   62930.0
 464   34   4   44213.0
 465 1306   3   75320.0
 466  203   4   64822.5
 467 1285  13   84522.5
 468 1285   9   77326.5
 469  635  10   75804.5
 470  369   9   69780.5
 471  284   7   61362.5
 472  347  10   60628.0
 473   74  16   21926.5
 474   57  17   25684.0
 475  455   3   79326.0
 476  886  10   83200.0
 477 1050  20   76295.0
 478 1252   8   81876.0
 479   50   5   36101.5
 480   86  18   20906.5
 481 1013   8   78264.0
 482  713   5   74587.5
 483  372  19   67614.5
 484  276   3   66687.5
 485  201   8   50729.5
 486 1216  17   79161.0
 487   25  14   33157.5
 488  254   4   70511.0
 489 1022  14   79341.0
 490   53  17   19507.0
 491   67  15   19220.0
 492 1394  17   77764.0
 493   93  17   20821.5
 494 1238   3   82949.0
 495   26  17   12589.5
 496  634   9   71657.5
 497 1366  16   81396.0
 498  999  14   79012.0
 499   35  18   14857.0
 500  850   8   75198.5
 501  198  13   42416.0
 502  381   4   68521.0
 503  134  13   35850.5
 504  401  11   62737.5
 505  737   6   70337.0
 506  378  17   62857.5
 507   23   2   39457.0
 508   75   8   36735.0
 509 1388   8   82230.5
 510 1328  16   79675.5
 511 1486  18   82503.5
 512  178  10   61925.5
 513  602  14   68640.5
 514 1457   2   83417.0
 515  444   7   65043.0
 516  246   8   57177.5
 517  936   5   74410.5
 518  362  10   59250.5
 519   97   2   70345.0
 520   63  13   21997.5
 521  956  14   75228.0
 522 1118   4   78210.5
 523 1125   8   81429.0
 524   69   3   42519.0
 525  908   2   78793.0
 526 1337   9   75695.5
 527 1214   3   79867.5
 528  807  15   71812.5
 529 1460   3   82730.5
 530   65   3   51522.5
 531  480   8   66465.5
 532  445  11   70842.5
 533 1444   6   84129.5
 534  389   6   74872.0
 535 1376   7   82842.0
 536 1340  20   77755.5
 537   73  14   27950.0
 538   96  12   28476.5
 539   80  19   18575.0
 540  407  15   61951.0
 541  417  13   64721.5
 542   64  13   18687.5
 543  458  18   67398.5
 544 1028  18   72809.0
 545  345  10   58168.5
 546 1372  15   80149.5
 547  120   7   45241.0
 548  470   5   73974.5
 549  181   5   48339.5
 550  242  13   52971.5
 551 1184  14   77804.0
 552  467  15   59108.5
 553   54  12   14481.5
 554  156  11   47466.5
 555  267  13   54525.0
 556  435  18   58177.0
 557  859   5   76578.0
 558   78   3   63751.5
 559  894   2   75555.0
 560   60  13   16491.0
 561 1218   2   81837.0
 562 1459  16   81818.0
 563   40  17   23557.5
 564 1207  15   77514.5
 565  278   7   65993.0
 566  340   3   64794.0
 567   94  17   23772.0
 568 1080  17   80910.0
 569   97  15   21652.5
 570  161   6   50765.5
 571  363  18   51428.5
 572  264   3   71257.0
 573  470  13   60946.5
 574  405  12   61792.0
 575   23   3   46310.0
 576  500  14   64168.5
 577   97   6   45396.0
 578   58   2   71405.0
 579 1363  15   78282.0
 580   59  13   14454.0
 581 1122  14   75437.0
 582  417  14   57950.0
 583   94   5   45153.0
 584  333  12   63523.5
 585   59  19   17809.5
 586  304  19   50751.0
 587  987   8   76595.0
 588  122  13   37466.0
 589 1371  13   79025.0
 590  153  19   40059.0
 591  453   4   71598.0
 592  315  15   48117.0
 593  114   5   53199.5
 594 1476   6   83199.5
 595  201   4   66714.0
 596  268  18   54956.0
 597 1475   7   79013.5
 598  899   5   78328.0
 599  759   4   77885.5
 600  366   4   74274.5
 601  718  17   71218.5
 602 1472  11   81120.5
 603  369  20   62182.0
 604  485  17   69431.0
 605   87   4   55378.5
 606  136  17   29928.5
 607   48  15   19853.5
 608   52  18   19723.0
 609  703   2   84089.0
 610  906   3   77007.5
 611  709  20   69291.0
 612  195  13   47311.5
 613  285  15   54573.0
 614   41   7   31726.0
 615 1321   9   82921.5
 616  187   8   57231.5
 617  337  20   60890.5
 618  576  20   71390.0
 619  687   4   77452.0
 620  888  16   66556.5
 621  394  10   61613.5
 622  472  10   66335.0
 623   39  13   16197.0
 624   72  13   23837.0
 625   64  10   23712.0
 626 1305   5   78304.0
 627  303   7   57940.0
 628  272   9   58470.0
 629   84  12   27622.5
 630 1049  17   75382.5
 631   35  10   21133.0
 632  943  13   78072.0
 633 1118  12   77722.0
 634   83  18   11634.0
 635  232   3   60808.0
 636   75  20   15484.5
 637 1093   9   73658.0
 638   23  18   23653.0
 639 1052   9   71703.0
 640  233  19   53515.0
 641   36  20   11989.5
 642   65  16   15037.0
 643 1164  16   75774.0
 644 1461  10   79650.5
 645  218  14   49951.0
 646   93  12   29172.0
 647  859   9   76245.0
 648  798   6   73420.0
 649   56  13   20997.5
 650  890   9   74812.0
 651   86  13   18041.0
 652  231   8   60381.0
 653  637  14   66928.0
 654  646  15   71926.0
 655   63  20   19659.5
 656 1112   5   77681.5
 657 1390  16   76969.5
 658  418  20   59223.5
 659   80   2   54390.0
 660  230  11   62297.0
 661   85  15   21850.0
 662  118  11   43268.5
 663 1052  18   74941.5
 664   25   9   23181.0
 665  583  12   69464.5
 666  427  10   67564.0
 667   84   2   60833.0
 668  250  11   52838.0
 669   76   9   28599.5
 670 1307  18   81520.5
 671   44  16   12413.0
 672 1444  20   84595.0
 673   28  11   34469.5
 674   58  13   17625.5
 675 1125  17   76011.0
 676   76  12   26069.5
 677   46   7   27388.0
 678   91   4   51666.0
 679 1146  14   73459.5
 680  339   4   66096.5
 681   78   7   27965.0
 682   73   3   49073.0
 683  168  15   39059.5
 684   99   4   64291.0
 685  352   3   66053.0
 686   23   9   22476.5
 687  975  17   74785.5
 688 1246  13   79423.5
 689  176   9   55557.0
 690   73  10   25976.5
 691  445   8   69053.0
 692   93  18   18885.5
 693  447  12   64307.0
 694  441  18   68965.5
 695   62  15   15693.0
 696   30   6   15852.5
 697   36  20   14176.5
 698   61  18   17766.0
 699  146  12   41052.5
 700  322   7   63558.5
 701  128   4   60366.5
 702  125   2   73918.0
 703   41  11   16792.0
 704 1252  13   78365.5
 705  242  15   57110.5
 706   83  20   15554.5
 707 1361   5   80102.0
 708  715  15   71125.0
 709 1051  18   74635.5
 710  885   9   76163.5
 711  728  11   74713.0
 712  100  11   27707.5
 713  468   7   69350.5
 714   92  18   14544.5
 715   84   2   70268.0
 716  938  16   74251.5
 717   83   3   66609.0
 718   24  16   13617.5
 719  841   9   76092.5
 720 1067   6   78056.5
 721  491   3   72314.5
 722  806  14   74903.0
 723  531   5   68838.5
 724  225   9   54981.5
 725 1316  10   79221.0
 726  515  14   69825.5
 727   53  15   18779.5
 728  155  20   28748.5
 729  150   2   65776.5
 730  376   7   73089.0
 731  487   3   73235.0
 732  297  10   56311.5
 733  354  12   60509.0
 734   97  12   35345.5
 735  444  10   59980.5
 736 1024  14   75328.0
 737 1448  16   85093.5
 738   26   4   33213.5
 739  194   5   57730.5
 740  415  11   68893.0
 741  335   7   67116.0
 742   71   8   26324.5
 743  299   6   69852.5
 744  495  19   58040.5
 745  741  16   66152.0
 746 1046   2   77039.0
 747  532  16   60413.0
 748  297  10   59859.5
 749  259  11   60870.0
 750  146  13   37058.5
 751   27   5   17014.5
 752 1282  17   82364.0
 753   44  18   20977.0
 754  304   3   74225.5
 755  359  20   57524.0
 756  154  12   46318.0
 757  913  11   73617.0
 758  230  13   47995.0
 759  333   6   61962.5
 760  342   7   66739.0
 761 1361   3   75448.5
 762   64  17   15351.0
 763  920  14   73089.5
 764 1372   2   80408.5
 765  425  19   72553.5
 766   63  20   16983.5
 767   28   9   19735.5
 768 1008   4   73212.5
 769  928   6   77184.5
 770  183  17   41953.0
 771  115   9   42478.0
 772   91  12   27275.0
 773   53  20   15104.0
 774   86  12   26223.0
 775 1294   6   81754.5
 776  785   6   72769.0
 777  251  14   55382.5
 778  243   9   60404.5
 779   99  17   27909.5
 780  469   9   66910.0
 781  417   7   67141.0
 782   85   9   41077.0
 783 1130  10   77764.5
 784 1074  14   75728.5
 785   25   6   17316.0
 786  202   8   61970.0
 787 1397  16   81167.5
 788 1284  14   74298.0
 789   50   2   49820.0
 790  398  13   63775.0
 791  437  20   65157.0
 792  965  19   72766.0
 793  426  14   64646.0
 794  161  12   42448.0
 795   69   5   45819.0
 796   35  15   16910.0
 797  662  13   68499.5
 798  996  15   72713.5
 799 1393  14   76440.0
 800  378  17   57763.5
 801   93  12   34433.0
 802  390   3   76227.5
 803   43  15    7252.5
 804   72   5   42287.0
 805   30  19   14209.0
 806   75   7   46183.5
 807   53   9   14743.0
 808  158  18   30830.0
 809  361  17   61189.0
 810  419   5   71169.5
 811  204  12   55450.5
 812  253  16   53970.0
 813  881  12   68505.0
 814  362   2   81927.5
 815   96  20   14386.0
 816  606  17   73965.5
 817 1019   9   76141.0
 818  301  19   62072.0
 819  101  15   25172.0
 820  137   8   47364.0
 821   81  20   11847.5
 822  121  16   32400.0
 823 1478   6   78075.5
 824  912   6   80242.0
 825 1027  14   75549.0
 826  224   2   76185.5
 827  816   2   78894.0
 828   69   7   38590.5
 829   69  11   24604.5
 830 1376   8   83591.5
 831 1445   3   82122.0
 832  116  15   30075.5
 833  464  18   72795.0
 834  123  13   35773.0
 835  293   8   68896.0
 836  456  15   65813.0
 837   90   4   51554.5
 838 1006  12   72825.0
 839  689   7   74910.5
 840  913  12   72706.5
 841  116  18   25191.0
 842  202  13   50349.0
 843  296   4   75423.5
 844   30   2   58706.5
 845  320   4   66783.5
 846  515  16   72651.0
 847  264  11   56726.0
 848  706   3   72095.0
 849   51  20   18137.5
 850  550  15   68840.0
 851  747  12   69633.0
 852   35   3   37999.5
 853  162   4   69675.5
 854 1091  11   78000.5
 855   23  11   19803.0
 856  188   5   63309.5
 857  265   5   62115.5
 858   64  16   13699.5
 859 1357  16   77962.0
 860  347  18   59884.0
 861  437   3   70835.5
 862   23   8   17386.0
 863  498   7   71431.0
 864   82  15   21213.5
 865  643  16   67334.5
 866  446  11   56616.5
 867  847  12   78186.0
 868  606   5   74270.5
 869 1098   7   71975.5
 870 1260   2   75233.0
 871  643  19   67878.0
 872   39   4   36994.0
 873   61   7   29458.5
 874   53  17   17169.0
 875  268  19   50299.5
 876 1466  11   81700.5
 877  438  15   65069.0
 878  515  17   65673.0
 879 1090   6   74644.5
 880  688   5   80887.0
 881   50  15   17139.5
 882 1464   9   81920.5
 883   62   8   27834.0
 884  472   6   66828.0
 885  787  15   68113.0
 886  251   8   61095.0
 887  760   8   73684.5
 888  126   4   63351.0
 889 1256  17   78315.5
 890 1497   7   81488.5
 891 1162  12   80295.5
 892   88   8   29387.5
 893  834  18   73495.0
 894  144  11   40656.5
 895   47  17   14183.0
 896  295  20   52513.0
 897  682  10   71645.5
 898   32  19   10035.5
 899  390   5   65518.0
 900   93  16   20648.5
 901   69   2   60196.5
 902 1170  20   75853.5
 903  146   6   57693.0
 904  277   9   60609.0
 905 1335   6   82807.0
 906  398  11   67836.5
 907  548  16   68923.5
 908   25  12   16358.0
 909  477  16   68435.0
 910  196  20   36319.0
 911  259  15   50120.0
 912  122  15   30964.0
 913   30  11   16854.0
 914  311   5   62331.5
 915   70  10   25449.5
 916   53   5   25332.5
 917  170   7   52146.0
 918  323   7   63226.0
 919 1387  11   80749.5
 920  467  10   64659.5
 921  424  15   66883.0
 922  334   7   64138.5
 923   88  20   15012.5
 924  437  12   71145.5
 925   24   4   46238.0
 926  510  19   67103.5
 927  701   6   76068.0
 928  360  13   69823.5
 929   60  13   19113.5
 930   92  17   22486.0
 931   26  11   11654.5
 932 1041  13   72051.0
 933  860  20   73945.5
 934 1315  20   80619.0
 935   83  10   36042.5
 936   87   2   61208.5
 937  345  16   62730.5
 938 1306  17   86249.5
 939   90  20   16291.0
 940  895   9   86136.5
 941   44  16   14713.0
 942 1421   9   81542.0
 943  184   9   51359.5
 944   37  15   12435.0
 945   88  19   16240.0
 946 1013   7   77601.0
 947   87   6   41371.5
 948  539  15   61603.5
 949  600  14   68251.5
 950   92   5   48096.5
 951   65   4   45835.5
 952  426   2   78178.0
 953  342  12   62377.0
 954  256  11   58171.5
 955  948   2   76509.5
 956  308   2   72794.5
 957  703  13   70017.5
 958  455   2   71287.0
 959  584  10   72520.5
 960   21   9   17476.0
 961   82  15   20343.0
 962  997  17   75936.0
 963  819  11   70761.5
 964   99  13   24315.5
 965  650  15   63810.5
 966  135  15   31216.5
 967  671  20   65472.5
 968 1191  16   77758.5
 969   91  14   27410.0
 970  124  19   21817.0
 971  106   7   41380.5
 972  217  14   42974.0
 973  919  12   77428.5
 974  206  11   55238.0
 975   96   8   44148.0
 976 1231   7   84818.0
 977   22  12   23299.5
 978 1230  19   82072.5
 979  316  20   57780.0
 980  182   7   52936.0
 981   63  15    8839.5
 982   71  16   12529.0
 983 1498   8   81207.5
 984   71   4   48985.0
 985   42  20   19239.5
 986  634  15   70828.5
 987 1468  18   76822.0
 988  264   5   68813.0
 989  455   5   67519.0
 990 1140  20   78108.0
 991  272  17   55302.0
 992 1067  15   81054.5
 993  100   4   52633.5
 994   59   8   33872.0
 995   39  19   12278.0
 996  511   2   65941.5
 997  175  10   58593.5
 998   89  19   16155.0
 999 1487  19   86788.5
