   1   10   3   10547.5
   2   90  17   19313.5
   3  166  16   35834.0
   4   22  13   19751.5
   5 1368   6   73149.0
   6   61  11   16236.0
   7   32  20   19489.0
   8  254  20   45640.0
   9  205   4   65160.5
  10  490  19   57928.5
  11 1082  17   67568.5
  12  758   6   74083.5
  13   61  14   14275.5
  14   84  12   29311.5
  15   74   7   40433.0
  16   75   8   34201.0
  17  222   8   58803.5
  18   90   3   64205.0
  19   27   9   24780.0
  20  481   7   68174.0
  21  285  11   52893.0
  22  232  13   46570.0
  23  411  16   61488.5
  24  809   6   72527.5
  25  923   5   69820.5
  26 1284  15   70834.0
  27   60  14   13603.0
  28  904  14   70761.5
  29  202  16   36120.0
  30  429  16   57995.0
  31  366  10   67692.0
  32   29  12   24366.0
  33  420  18   53811.0
  34 1149   3   73853.5
  35 1405   3   72775.5
  36   91   7   47569.5
  37 1001  19   71054.0
  38   34   7   23200.5
  39  482  19   56534.5
  40  398  16   54317.5
  41  202  13   38219.5
  42 1343  13   73564.0
  43 1289  17   72590.0
  44  836  15   63540.0
  45 1348   9   72768.0
  46 1161   5   75177.0
  47   81  13   29525.5
  48   27  15    5360.5
  49   54  18   14662.0
  50   81  16   21025.5
  51   89   5   56364.5
  52  365   3   73900.5
  53  206  19   42619.5
  54 1024  17   70939.0
  55  481   6   79554.0
  56   57   6   32330.5
  57   87  14   31861.0
  58  224   5   55827.5
  59   21  18   19980.0
  60   68  10   31457.5
  61  529  10   67669.0
  62 1416   5   75219.5
  63  764  20   64118.0
  64  212  16   42091.5
  65  815  12   70768.5
  66   55  18   13114.5
  67  252  19   41997.0
  68   73  12   24492.5
  69 1428  16   74096.0
  70   56   4   42562.0
  71   76  14   16600.0
  72   66  13   14495.0
  73 1204   8   76087.0
  74 1335   4   74855.5
  75 1470   9   75679.5
  76   88   4   49686.0
  77  211  18   36064.5
  78  813  20   66441.5
  79  757   2   76969.5
  80   76   6   36193.5
  81  539  14   68275.5
  82 1287  14   69987.0
  83   98   3   52380.5
  84  110   6   51744.5
  85   64   3   46400.0
  86 1284   8   74410.5
  87 1109   7   71630.0
  88   44   5   36667.0
  89   91  12   26629.0
  90  332   9   64380.0
  91  361   7   66056.0
  92  286   2   67189.0
  93  561  16   66348.5
  94  468   7   64216.5
  95   43  13   16861.0
  96  142  13   41452.0
  97 1466  16   67895.5
  98  869   7   75799.0
  99  729  16   63496.0
