   1   10   3   10547.5
   2   90  17   23742.5
   3  166  16   39910.5
   4   22  13   21715.0
   5 1368   6   76680.5
   6   61  11   16064.5
   7   32  20   20897.5
   8  254  20   50025.5
   9  205   4   65242.5
  10  490  19   60447.5
  11 1082  17   71900.5
  12  758   6   74825.5
  13   61  14   14599.5
  14   84  12   25566.5
  15   74   7   39542.0
  16   75   8   32737.5
  17  222   8   59618.0
  18   90   3   62081.0
  19   27   9   22355.5
  20  481   7   68869.0
  21  285  11   53657.0
  22  232  13   47781.0
  23  411  16   66659.5
  24  809   6   73139.5
  25  923   5   71519.0
  26 1284  15   73082.0
  27   60  14   13548.5
  28  904  14   72125.5
  29  202  16   42002.5
  30  429  16   58861.5
  31  366  10   68376.5
  32   29  12   13599.0
  33  420  18   55644.5
  34 1149   3   74769.5
  35 1405   3   76632.5
  36   91   7   49007.0
  37 1001  19   75666.0
  38   34   7   23923.5
  39  482  19   60039.5
  40  398  16   55414.0
  41  202  13   41778.0
  42 1343  13   75833.5
  43 1289  17   78587.5
  44  836  15   65781.5
  45 1348   9   74264.5
  46 1161   5   77803.5
  47   81  13   31617.5
  48   27  15    9117.0
  49   54  18   14696.0
  50   81  16   21799.5
  51   89   5   56364.5
  52  365   3   73900.5
  53  206  19   43525.0
  54 1024  17   72025.0
  55  481   6   79568.0
  56   57   6   31975.0
  57   87  14   28778.5
  58  224   5   56049.5
  59   21  18   14653.5
  60   68  10   31000.5
  61  529  10   66514.0
  62 1416   5   79083.0
  63  764  20   66636.0
  64  212  16   48169.0
  65  815  12   71978.0
  66   55  18   10702.5
  67  252  19   44036.0
  68   73  12   29607.5
  69 1428  16   78236.0
  70   56   4   42595.0
  71   76  14   18596.5
  72   66  13   12449.5
  73 1204   8   77314.0
  74 1335   4   76117.0
  75 1470   9   78253.5
  76   88   4   49686.0
  77  211  18   42295.5
  78  813  20   68120.0
  79  757   2   77625.0
  80   76   6   35604.5
  81  539  14   71528.0
  82 1287  14   73542.0
  83   98   3   52380.5
  84  110   6   51498.5
  85   64   3   46681.5
  86 1284   8   76456.5
  87 1109   7   73133.0
  88   44   5   36955.5
  89   91  12   26378.0
  90  332   9   64976.5
  91  361   7   66198.0
  92  286   2   67189.0
  93  561  16   69152.5
  94  468   7   64504.5
  95   43  13   26693.0
  96  142  13   42068.5
  97 1466  16   72369.5
  98  869   7   76161.5
  99  729  16   66351.0
