   3  166  16   40051.5
   8  254  20   53271.5
   9  205   4   65947.0
  10  490  19   62014.5
  17  222   8   60969.5
  20  481   7   69407.5
  21  285  11   56871.0
  22  232  13   49131.0
  23  411  16   67715.0
  29  202  16   40331.0
  30  429  16   61291.0
  31  366  10   67872.5
  33  420  18   58633.0
  39  482  19   61830.5
  40  398  16   59276.0
  41  202  13   41781.5
  52  365   3   74294.0
  53  206  19   47342.5
  55  481   6   80269.5
  58  224   5   56996.0
  64  212  16   52034.5
  67  252  19   43738.5
  77  211  18   43303.5
  84  110   6   52210.5
  90  332   9   66673.0
  91  361   7   66738.5
  92  286   2   67189.0
  94  468   7   65482.0
  96  142  13   46418.0
 100  256   7   68365.0
 101  315   7   58587.5
 108  157  13   48003.0
 113  477   8   69022.5
 116  322  12   54962.0
 117  140  12   40141.0
 119  392  10   66586.5
 127  358  10   59035.0
 132  246  15   46559.5
 134  398   5   69556.0
 136  474   3   70777.5
 138  192   6   70277.0
 148  333   8   66233.0
 149  417  13   62981.5
 156  410  19   56816.0
 160  476  12   70576.0
 170  373   7   69624.5
 174  279  14   52177.0
 176  145   2   80046.0
 181  348  11   69728.5
 183  188   5   63031.0
 185  234   6   63011.5
 190  146  16   31281.5
 191  255  17   48997.5
 194  480  18   68359.5
 199  430   8   71737.0
 202  106   2   67500.5
 209  127  16   28267.5
 214  375   5   70298.5
 220  169  18   40953.5
 221  219  17   47688.5
 222  347   6   77015.5
 223  270  17   53394.0
 225  115  14   37813.5
 227  349  20   55269.0
 231  117   9   36398.0
 232  305  12   64194.0
 235  208   8   61976.0
 236  308   4   64893.5
 240  466   3   68949.0
 243  445   9   60343.5
 248  421   4   66582.0
 249  169  12   45987.5
 250  488   8   64748.5
 252  317   5   64789.0
 253  483  11   67429.0
 256  191  17   45519.5
 259  293  19   59604.0
 261  101  10   41901.5
 266  310   7   56036.0
 267  267  13   59208.5
 269  251  17   49271.0
 272  372   8   60129.0
 279  111  11   29505.0
 281  278  12   55277.0
 282  209   9   57299.5
 283  412  10   66081.5
 286  167  16   40243.0
 287  147   3   63025.5
 289  241  16   47505.0
 291  154   6   54142.5
 292  364   4   68187.0
 300  202  19   36209.5
 302  335   2   80910.5
 304  399   4   69713.0
 306  205  10   54590.5
 309  452   9   68709.0
 315  185  13   49644.0
 321  370  19   54932.0
 322  213  12   53439.0
 323  155   3   62604.0
 328  444  16   65193.0
 338  242  14   55900.0
 339  161  12   45651.0
 342  254   9   57355.5
 348  248  17   49963.0
 349  187  15   46030.0
 352  216  11   54682.5
 356  363   7   72489.0
 358  479  10   68558.5
 362  152   6   62587.0
 372  298  17   50158.0
 376  153  19   35412.5
 380  445  20   58671.0
 383  487   8   69222.0
 384  191  12   58744.5
 391  425  11   65936.5
 394  264  13   52968.5
 405  252  20   49412.5
 408  208  19   43572.5
 409  295  16   52753.0
 410  128  16   29948.5
 415  324   7   64952.5
 416  172   9   56429.0
 418  274  20   50494.0
 420  346   2   64880.5
 421  271   5   69760.5
 422  371  15   62217.0
 425  301  12   60739.0
 428  224  18   44686.5
 430  383  14   62688.5
 434  495   6   68388.0
 435  253  20   42333.0
 441  404   8   68349.5
 449  481   2   67293.0
 451  359  11   60809.0
 453  454  11   59518.0
 454  438  19   63218.5
 456  465   7   78206.0
 459  463   2   72949.0
 462  317  12   63214.0
 463  399   5   62930.0
 466  203   4   64822.5
 470  369   9   69780.5
 471  284   7   61362.5
 472  347  10   60628.0
 475  455   3   79326.0
 483  372  19   67614.5
 484  276   3   66687.5
 485  201   8   50729.5
 488  254   4   70511.0
 501  198  13   42416.0
 502  381   4   68521.0
 503  134  13   35850.5
 504  401  11   62737.5
 506  378  17   62857.5
 512  178  10   61925.5
 515  444   7   65043.0
 516  246   8   57177.5
 518  362  10   59250.5
 531  480   8   66465.5
 532  445  11   70842.5
 534  389   6   74872.0
 540  407  15   61951.0
 541  417  13   64721.5
 543  458  18   67398.5
 545  345  10   58168.5
 547  120   7   45241.0
 548  470   5   73974.5
 549  181   5   48339.5
 550  242  13   52971.5
 552  467  15   59108.5
 554  156  11   47466.5
 555  267  13   54525.0
 556  435  18   58177.0
 565  278   7   65993.0
 566  340   3   64794.0
 570  161   6   50765.5
 571  363  18   51428.5
 572  264   3   71257.0
 573  470  13   60946.5
 574  405  12   61792.0
 582  417  14   57950.0
 584  333  12   63523.5
 586  304  19   50751.0
 588  122  13   37466.0
 590  153  19   40059.0
 591  453   4   71598.0
 592  315  15   48117.0
 593  114   5   53199.5
 595  201   4   66714.0
 596  268  18   54956.0
 600  366   4   74274.5
 603  369  20   62182.0
 604  485  17   69431.0
 606  136  17   29928.5
 612  195  13   47311.5
 613  285  15   54573.0
 616  187   8   57231.5
 617  337  20   60890.5
 621  394  10   61613.5
 622  472  10   66335.0
 627  303   7   57940.0
 628  272   9   58470.0
 635  232   3   60808.0
 640  233  19   53515.0
 645  218  14   49951.0
 652  231   8   60381.0
 658  418  20   59223.5
 660  230  11   62297.0
 662  118  11   43268.5
 666  427  10   67564.0
 668  250  11   52838.0
 680  339   4   66096.5
 683  168  15   39059.5
 685  352   3   66053.0
 689  176   9   55557.0
 691  445   8   69053.0
 693  447  12   64307.0
 694  441  18   68965.5
 699  146  12   41052.5
 700  322   7   63558.5
 701  128   4   60366.5
 702  125   2   73918.0
 705  242  15   57110.5
 712  100  11   27707.5
 713  468   7   69350.5
 721  491   3   72314.5
 724  225   9   54981.5
 728  155  20   28748.5
 729  150   2   65776.5
 730  376   7   73089.0
 731  487   3   73235.0
 732  297  10   56311.5
 733  354  12   60509.0
 735  444  10   59980.5
 739  194   5   57730.5
 740  415  11   68893.0
 741  335   7   67116.0
 743  299   6   69852.5
 744  495  19   58040.5
 748  297  10   59859.5
 749  259  11   60870.0
 750  146  13   37058.5
 754  304   3   74225.5
 755  359  20   57524.0
 756  154  12   46318.0
 758  230  13   47995.0
 759  333   6   61962.5
 760  342   7   66739.0
 765  425  19   72553.5
 770  183  17   41953.0
 771  115   9   42478.0
 777  251  14   55382.5
 778  243   9   60404.5
 780  469   9   66910.0
 781  417   7   67141.0
 786  202   8   61970.0
 790  398  13   63775.0
 791  437  20   65157.0
 793  426  14   64646.0
 794  161  12   42448.0
 800  378  17   57763.5
 802  390   3   76227.5
 808  158  18   30830.0
 809  361  17   61189.0
 810  419   5   71169.5
 811  204  12   55450.5
 812  253  16   53970.0
 814  362   2   81927.5
 818  301  19   62072.0
 819  101  15   25172.0
 820  137   8   47364.0
 822  121  16   32400.0
 826  224   2   76185.5
 832  116  15   30075.5
 833  464  18   72795.0
 834  123  13   35773.0
 835  293   8   68896.0
 836  456  15   65813.0
 841  116  18   25191.0
 842  202  13   50349.0
 843  296   4   75423.5
 845  320   4   66783.5
 847  264  11   56726.0
 853  162   4   69675.5
 856  188   5   63309.5
 857  265   5   62115.5
 860  347  18   59884.0
 861  437   3   70835.5
 863  498   7   71431.0
 866  446  11   56616.5
 875  268  19   50299.5
 877  438  15   65069.0
 884  472   6   66828.0
 886  251   8   61095.0
 888  126   4   63351.0
 894  144  11   40656.5
 896  295  20   52513.0
 899  390   5   65518.0
 903  146   6   57693.0
 904  277   9   60609.0
 906  398  11   67836.5
 909  477  16   68435.0
 910  196  20   36319.0
 911  259  15   50120.0
 912  122  15   30964.0
 914  311   5   62331.5
 917  170   7   52146.0
 918  323   7   63226.0
 920  467  10   64659.5
 921  424  15   66883.0
 922  334   7   64138.5
 924  437  12   71145.5
 928  360  13   69823.5
 937  345  16   62730.5
 943  184   9   51359.5
 952  426   2   78178.0
 953  342  12   62377.0
 954  256  11   58171.5
 956  308   2   72794.5
 958  455   2   71287.0
 966  135  15   31216.5
 970  124  19   21817.0
 971  106   7   41380.5
 972  217  14   42974.0
 974  206  11   55238.0
 979  316  20   57780.0
 980  182   7   52936.0
 988  264   5   68813.0
 989  455   5   67519.0
 991  272  17   55302.0
 993  100   4   52633.5
 997  175  10   58593.5
