   3  166  16   39910.5
   8  254  20   50025.5
   9  205   4   65242.5
  10  490  19   60447.5
  17  222   8   59618.0
  20  481   7   68869.0
  21  285  11   53657.0
  22  232  13   47781.0
  23  411  16   66659.5
  29  202  16   42002.5
  30  429  16   58861.5
  31  366  10   68376.5
  33  420  18   55644.5
  39  482  19   60039.5
  40  398  16   55414.0
  41  202  13   41778.0
  52  365   3   73900.5
  53  206  19   43525.0
  55  481   6   79568.0
  58  224   5   56049.5
  64  212  16   48169.0
  67  252  19   44036.0
  77  211  18   42295.5
  84  110   6   51498.5
  90  332   9   64976.5
  91  361   7   66198.0
  92  286   2   67189.0
  94  468   7   64504.5
  96  142  13   42068.5
