   5 1368   6   73149.0
  11 1082  17   67568.5
  12  758   6   74083.5
  24  809   6   72527.5
  25  923   5   69820.5
  26 1284  15   70834.0
  28  904  14   70761.5
  34 1149   3   73853.5
  35 1405   3   72775.5
  37 1001  19   71054.0
  42 1343  13   73564.0
  43 1289  17   72590.0
  44  836  15   63540.0
  45 1348   9   72768.0
  46 1161   5   75177.0
  54 1024  17   70939.0
  61  529  10   67669.0
  62 1416   5   75219.5
  63  764  20   64118.0
  65  815  12   70768.5
  69 1428  16   74096.0
  73 1204   8   76087.0
  74 1335   4   74855.5
  75 1470   9   75679.5
  78  813  20   66441.5
  79  757   2   76969.5
  81  539  14   68275.5
  82 1287  14   69987.0
  86 1284   8   74410.5
  87 1109   7   71630.0
  93  561  16   66348.5
  97 1466  16   67895.5
  98  869   7   75799.0
  99  729  16   63496.0
