   1   10   3   10547.5
   2   90  17   38252.5
   4   22  13   29268.5
   6   61  11   27450.0
   7   32  20   31268.0
  13   61  14   33545.5
  14   84  12   47111.0
  15   74   7   53074.5
  16   75   8   35166.0
  18   90   3   64205.0
  19   27   9   28739.5
  27   60  14   27531.5
  32   29  12   33427.5
  36   91   7   51463.0
  38   34   7   43696.0
  47   81  13   36808.5
  48   27  15   27471.5
  49   54  18   27863.5
  50   81  16   27306.5
  51   89   5   55051.0
  56   57   6   38220.5
  57   87  14   43088.5
  59   21  18   24401.0
  60   68  10   44409.0
  66   55  18   65842.0
  68   73  12   49888.0
  70   56   4   45729.0
  71   76  14   26901.5
  72   66  13   41903.5
  76   88   4   49686.0
  80   76   6   39857.5
  83   98   3   52380.5
  85   64   3   47013.5
  88   44   5   38288.5
  89   91  12   57331.5
  95   43  13   37342.5
