   1   10   3   10547.5
   2   90  17   21898.0
   4   22  13   21715.0
   6   61  11   15746.5
   7   32  20   17936.5
  13   61  14   15233.0
  14   84  12   29157.0
  15   74   7   42171.0
  16   75   8   31878.5
  18   90   3   60082.5
  19   27   9   22574.0
  27   60  14   15179.5
  32   29  12   25963.0
  36   91   7   48061.0
  38   34   7   23923.5
  47   81  13   31618.0
  48   27  15    5360.5
  49   54  18   14273.5
  50   81  16   21401.5
  51   89   5   56364.5
  56   57   6   27938.0
  57   87  14   30512.0
  59   21  18   23556.0
  60   68  10   29092.5
  66   55  18   21088.0
  68   73  12   30306.5
  70   56   4   42684.5
  71   76  14   18941.0
  72   66  13   11843.0
  76   88   4   49686.0
  80   76   6   35150.5
  83   98   3   52380.5
  85   64   3   44947.0
  88   44   5   36792.0
  89   91  12   27584.0
  95   43  13   11317.0
