   5 1368   6   79717.0
  11 1082  17   73776.5
  12  758   6   75983.5
  24  809   6   75104.5
  25  923   5   72954.0
  26 1284  15   77278.0
  28  904  14   75757.5
  34 1149   3   77795.5
  35 1405   3   79557.5
  37 1001  19   75373.5
  42 1343  13   79641.5
  43 1289  17   80913.0
  44  836  15   70188.0
  45 1348   9   79249.5
  46 1161   5   79730.0
  54 1024  17   75447.0
  61  529  10   68392.0
  62 1416   5   83933.0
  63  764  20   68032.0
  65  815  12   74546.0
  69 1428  16   80557.5
  73 1204   8   79501.0
  74 1335   4   77949.5
  75 1470   9   81318.5
  78  813  20   72280.0
  79  757   2   79782.0
  81  539  14   71011.0
  82 1287  14   75393.5
  86 1284   8   78253.0
  87 1109   7   75921.0
  93  561  16   68546.0
  97 1466  16   76640.0
  98  869   7   77496.5
  99  729  16   66656.0
