   3  166  16   41532.0
   8  254  20   47904.0
   9  205   4   65160.5
  10  490  19   60350.0
  17  222   8   60976.0
  20  481   7   69906.0
  21  285  11   56505.0
  22  232  13   47066.0
  23  411  16   66358.5
  29  202  16   40539.5
  30  429  16   59902.0
  31  366  10   67429.0
  33  420  18   58059.5
  39  482  19   59907.0
  40  398  16   58759.0
  41  202  13   40502.5
  52  365   3   74294.0
  53  206  19   46954.0
  55  481   6   79871.5
  58  224   5   56412.5
  64  212  16   49886.0
  67  252  19   43013.5
  77  211  18   40753.5
  84  110   6   52891.5
  90  332   9   64656.5
  91  361   7   67531.5
  92  286   2   67189.0
  94  468   7   65356.0
  96  142  13   45943.5
