   1 40635.000 0.100
   2 122402.500 0.193
   3 117597.000 0.295
   4 116837.500 0.168
   5 104319.500 80.694
   6 122588.000 0.089
   7 178972.500 0.147
   8 118344.500 0.803
   9 107358.500 0.487
  10 95890.500 3.598
  11 113464.500 36.432
  12 118088.000 15.352
  13 107351.000 0.233
  14 112464.000 0.151
  15 103963.000 0.245
  16 128865.500 0.123
  17 0.000 0.650
  18 105222.500 0.156
  19 119902.000 0.103
  20 106067.000 4.303
  21 110291.500 1.154
  22 114469.500 0.511
  23 115326.500 2.734
  24 109623.500 15.325
  25 108681.000 25.510
  26 109236.500 62.899
  27 131410.000 0.153
  28 112044.000 24.275
  29 105831.000 0.545
