   1 40635.000 0.140
   2 122402.500 0.201
   3 117597.000 0.315
   4 116837.500 0.110
   5 104319.500 115.677
   6 122588.000 0.100
   7 178972.500 0.165
   8 118344.500 0.886
   9 107358.500 0.468
  10 95890.500 4.455
  11 113464.500 51.182
  12 118088.000 17.654
  13 107351.000 0.120
  14 112464.000 0.267
  15 103963.000 0.129
  16 128865.500 0.094
  17 0.000 0.696
  18 105222.500 0.293
  19 119902.000 0.148
  20 106067.000 4.271
  21 110291.500 1.144
  22 114469.500 0.611
  23 115326.500 2.634
  24 109623.500 20.216
  25 108681.000 32.204
  26 109236.500 87.029
  27 131410.000 0.072
  28 112044.000 32.615
  29 105831.000 0.560
  30 99808.500 3.147
  31 104317.500 1.962
  32 98700.000 0.182
  33 109806.500 2.777
  34 120058.000 68.376
  35 110343.000 103.692
  36 107316.500 0.087
  37 102074.500 43.100
  38 102578.000 0.168
  39 105049.000 4.287
  40 98264.000 2.516
  41 102725.500 0.496
  42 110887.500 101.289
  43 102962.500 92.500
  44 115992.500 23.666
  45 110650.500 82.797
  46 113308.000 63.055
  47 96668.500 0.211
  48 106812.500 0.178
  49 129028.000 0.175
  50 107386.000 0.206
  51 126056.000 0.214
  52 107710.000 2.024
  53 121688.500 0.586
  54 110567.000 43.985
  55 108296.500 4.172
  56 83879.500 0.257
  57 92706.500 0.420
  58 97813.500 0.746
  59 134609.500 0.187
  60 136553.000 0.211
  61 112133.000 5.748
  62 112165.500 118.629
  63 101503.000 14.910
  64 112830.500 0.571
  65 108899.000 20.966
  66 123035.000 0.193
  67 106186.000 0.836
  68 105512.000 0.171
  69 108193.000 114.389
  70 89444.500 0.189
  71 96256.000 0.267
  72 90678.000 0.210
  73 116252.000 76.838
  74 104157.000 73.501
  75 109771.000 91.341
  76 113811.000 0.242
  77 113821.500 0.621
  78 121101.000 21.977
  79 104176.500 18.104
  80 111471.000 0.210
  81 113285.500 5.853
  82 110502.000 83.768
  83 108196.500 0.090
  84 99773.500 0.105
  85 105191.500 0.231
  86 109887.000 85.890
  87 111014.500 40.315
  88 104886.000 0.202
  89 101353.500 0.214
  90 122245.500 1.486
  91 113208.500 1.956
  92 107921.500 1.327
  93 106091.500 7.103
  94 94203.500 4.356
  95 125292.500 0.199
  96 132484.500 0.338
  97 107772.500 113.647
  98 110848.000 18.209
  99 107368.000 9.775
