   1 21482.500 0.120
   2 68893.000 0.216
   3 109111.000 0.187
   4 43803.000 0.109
   5 114072.500 3.873
   6 69232.500 0.103
   7 79664.500 0.257
   8 101567.000 0.272
   9 101771.500 0.235
  10 106103.000 0.285
  11 115197.500 0.537
  12 118743.000 0.885
  13 57223.000 0.149
  14 92138.000 0.140
  15 105350.000 0.118
  16 80421.500 0.093
  17 114291.500 0.169
  18 102574.000 0.161
  19 63490.500 0.168
  20 112441.000 0.377
  21 125051.000 0.380
  22 104873.000 0.192
  23 122250.500 0.225
  24 119269.500 1.112
  25 107170.500 1.581
  26 105736.000 0.785
  27 52606.000 0.147
  28 109677.000 0.497
  29 100536.000 0.180
  30 103867.000 0.233
  31 108333.000 0.301
  32 45691.500 0.179
  33 101733.500 0.287
  34 109147.500 7.972
  35 111047.000 11.130
  36 100655.000 0.068
  37 109096.000 0.496
  38 75332.000 0.197
  39 106351.000 0.228
  40 126593.500 0.235
  41 119797.500 0.272
  42 118406.500 1.121
  43 112677.500 0.559
  44 115545.000 0.506
  45 118843.500 1.610
  46 111454.500 3.153
  47 61890.500 0.081
  48 62042.000 0.107
  49 87824.000 0.159
  50 74412.000 0.213
  51 127003.000 0.210
  52 113712.500 0.477
  53 109635.500 0.231
  54 110082.500 0.560
  55 108616.000 0.404
  56 125654.000 0.173
  57 102957.500 0.198
  58 102065.000 0.244
  59 39836.500 0.186
  60 65912.500 0.184
  61 109374.500 0.408
  62 112223.500 4.931
  63 123302.500 0.163
  64 97197.000 0.342
  65 111691.500 0.532
  66 113797.500 0.130
  67 93484.500 0.215
  68 86250.000 0.207
  69 114144.000 0.982
  70 72729.500 0.233
  71 74092.500 0.139
  72 59044.500 0.142
  73 110368.500 1.475
  74 108188.500 4.723
  75 115676.500 1.217
  76 94230.500 0.194
  77 118832.500 0.211
  78 116140.000 0.333
  79 106217.500 3.424
  80 94898.000 0.065
  81 117262.500 0.143
  82 111178.500 0.962
  83 92920.000 0.210
  84 97252.000 0.118
  85 100862.500 0.135
  86 108555.500 1.432
  87 109946.000 1.043
  88 115313.500 0.142
  89 98323.500 0.166
  90 133097.000 0.312
  91 109145.500 0.303
  92 115753.500 0.426
  93 110195.500 0.205
  94 97471.000 0.278
  95 63703.500 0.118
  96 107141.000 0.181
  97 110077.500 0.784
  98 113482.500 0.592
  99 105370.000 0.188
