   1 41221.500 0.170
   2 83573.500 0.215
   3 101087.500 0.227
   4 46573.000 0.155
   5 114974.500 2.577
   6 52168.500 0.208
   7 77937.000 0.167
   8 107379.000 0.236
   9 103819.500 0.225
  10 113004.000 0.288
  11 110705.000 0.634
  12 112832.000 0.786
  13 57942.500 0.127
  14 79396.500 0.154
  15 135640.500 0.170
  16 81471.500 0.096
  17 118952.000 0.201
  18 93715.000 0.146
  19 81912.500 0.095
  20 120814.000 0.386
  21 115091.500 0.183
  22 108270.000 0.188
  23 113665.000 0.200
  24 114194.000 0.798
  25 114466.500 1.439
  26 109028.500 0.626
  27 75881.500 0.165
  28 109812.000 0.485
  29 94669.500 0.232
  30 123475.000 0.214
  31 113630.500 0.256
  32 73435.000 0.200
  33 101221.500 0.270
  34 114461.000 5.566
  35 111600.000 5.473
  36 114751.000 0.081
  37 111838.000 0.334
  38 76593.000 0.195
  39 124239.500 0.358
  40 115585.500 0.363
  41 110391.000 0.227
  42 115841.500 0.945
  43 111465.000 0.692
  44 110054.000 0.476
  45 117342.000 1.283
  46 110480.000 2.334
  47 71077.000 0.168
  48 29704.000 0.124
  49 71416.500 0.139
  50 71470.000 0.167
  51 120812.500 0.230
  52 111530.000 0.444
  53 101154.500 0.259
  54 106887.000 0.544
  55 112931.500 0.384
  56 96934.500 0.154
  57 81348.500 0.225
  58 109697.500 0.319
  59 98667.000 0.147
  60 80713.000 0.239
  61 113622.000 0.308
  62 114008.500 3.152
  63 103649.000 0.168
  64 101549.500 0.233
  65 113325.500 0.499
  66 79720.500 0.167
  67 120657.000 0.209
  68 97278.500 0.217
  69 113563.000 0.841
  70 105471.500 0.182
  71 76740.500 0.199
  72 74314.500 0.147
  73 111985.500 1.127
  74 112012.000 2.837
  75 111223.000 0.939
  76 90244.500 0.134
  77 98293.000 0.173
  78 114616.500 0.433
  79 107853.000 2.413
  80 87461.500 0.065
  81 107665.000 0.191
  82 114241.000 0.848
  83 114159.000 0.164
  84 100582.500 0.100
  85 89807.000 0.125
  86 102230.500 1.232
  87 114358.000 0.783
  88 89894.500 0.114
  89 91894.000 0.184
  90 112227.000 0.368
  91 117479.000 0.249
  92 119195.000 0.327
  93 118691.500 0.180
  94 104474.000 0.377
  95 78197.500 0.080
  96 125135.500 0.099
  97 105404.500 0.706
  98 119460.500 0.641
  99 113378.000 0.236
