   1 41221.500 0.103
   2 84696.000 0.105
   3 104797.000 0.157
   4 46573.000 0.151
   5 109997.500 3.473
   6 58744.500 0.252
   7 77937.000 0.192
   8 109281.500 0.168
   9 108798.500 0.163
  10 112016.500 0.249
  11 109226.000 0.504
  12 112886.500 0.906
  13 57942.500 0.190
  14 80857.500 0.177
  15 148691.000 0.155
  16 82800.000 0.139
  17 125758.500 0.163
  18 94935.500 0.182
  19 81912.500 0.091
  20 115322.500 0.382
  21 116127.000 0.172
  22 107837.000 0.256
  23 109199.000 0.212
  24 115451.500 0.907
  25 109724.500 1.461
  26 109036.000 0.679
  27 85332.000 0.110
  28 109141.000 0.551
  29 93606.000 0.165
