   1 41221.500 0.119
   2 83573.500 0.136
   3 101087.500 0.216
   4 46573.000 0.179
   5 112382.500 3.743
   6 52168.500 0.102
   7 77937.000 0.176
   8 107379.000 0.224
   9 103819.500 0.232
  10 113004.000 0.256
  11 111549.000 0.385
  12 110063.500 1.048
  13 57942.500 0.164
  14 79396.500 0.127
  15 135640.500 0.185
  16 81471.500 0.105
  17 118952.000 0.228
  18 93715.000 0.202
  19 81912.500 0.122
  20 118146.000 0.406
  21 115091.500 0.256
  22 108270.000 0.139
  23 110394.000 0.305
  24 117737.000 1.197
  25 112887.000 1.777
  26 109442.500 0.720
  27 75881.500 0.223
  28 110653.500 0.481
  29 94669.500 0.292
  30 124120.000 0.276
  31 111112.000 0.182
  32 73435.000 0.224
  33 102493.500 0.259
  34 116244.500 8.336
  35 112373.000 10.989
  36 114751.000 0.075
  37 110841.500 0.375
  38 76593.000 0.216
  39 124239.500 0.220
  40 115504.500 0.285
  41 110391.000 0.153
  42 116092.500 0.930
  43 108213.500 0.772
  44 108074.500 0.418
  45 115179.000 1.635
  46 109386.000 3.153
  47 71077.000 0.101
  48 29704.000 0.103
  49 71416.500 0.106
  50 71470.000 0.206
  51 120812.500 0.158
  52 113004.000 0.445
  53 101154.500 0.180
  54 108171.500 0.465
  55 113904.000 0.527
  56 96934.500 0.231
  57 81348.500 0.237
  58 114247.500 0.221
  59 98667.000 0.304
  60 80713.000 0.197
  61 113644.500 0.298
  62 114507.500 4.811
  63 105022.500 0.163
  64 101549.500 0.298
  65 114144.500 0.404
  66 79720.500 0.184
  67 120657.000 0.311
  68 97278.500 0.230
  69 111916.000 0.862
  70 105471.500 0.207
  71 76740.500 0.136
  72 74314.500 0.224
  73 107581.500 1.303
  74 113755.000 4.200
  75 110672.500 1.147
  76 90244.500 0.156
  77 98293.000 0.196
  78 114188.500 0.417
  79 106217.500 3.571
  80 87461.500 0.067
  81 105917.000 0.173
  82 116021.500 0.914
  83 114159.000 0.155
  84 100970.500 0.164
  85 89807.000 0.191
  86 101643.500 1.321
  87 116112.000 1.022
  88 89894.500 0.163
  89 91894.000 0.219
  90 112227.000 0.385
  91 114794.500 0.234
  92 115753.500 0.524
  93 118691.500 0.287
  94 104780.500 0.344
  95 78197.500 0.195
  96 127088.500 0.183
  97 106076.500 0.751
  98 119382.000 0.575
  99 114698.000 0.176
