   1 41221.500 6.194
   2 70375.000 6.158
   3 79043.500 6.167
   4 46573.000 6.126
   5 96244.500 6.408
   6 47673.500 6.196
   7 72405.000 6.132
   8 77937.500 6.219
   9 77679.500 6.180
  10 75620.000 6.183
  11 84076.500 6.420
  12 89484.000 6.408
  13 56743.000 6.192
  14 73237.500 6.172
  15 104947.000 6.205
  16 75375.000 6.106
  17 78723.000 6.230
  18 70859.000 6.218
  19 67214.500 6.208
  20 83350.000 6.276
  21 88857.500 6.300
  22 76212.500 6.192
  23 82119.500 6.286
  24 94199.000 6.381
  25 93572.500 6.287
  26 80853.000 6.413
  27 69166.000 6.187
  28 88042.000 6.297
  29 67876.000 6.211
  30 76670.000 6.362
  31 75320.500 6.273
  32 73435.000 6.131
  33 73277.500 6.266
  34 102644.500 6.319
  35 102253.000 6.482
  36 81058.000 6.199
  37 80022.500 6.481
  38 73871.000 6.388
  39 81692.000 6.304
  40 76467.500 6.281
  41 72577.500 6.480
  42 88638.000 6.361
  43 84797.500 6.535
  44 79509.500 6.482
  45 94002.000 6.464
  46 97776.500 6.575
  47 62971.500 6.256
  48 19898.500 6.128
  49 70363.000 6.260
  50 67798.500 6.395
  51 78481.500 6.148
  52 88129.500 6.454
  53 75385.000 6.532
  54 81292.500 6.350
  55 87221.500 6.530
  56 67854.500 6.222
  57 72532.500 6.166
  58 79389.500 6.234
  59 98667.000 6.306
  60 73305.000 6.145
  61 85633.000 6.339
  62 98977.000 6.619
  63 77110.500 6.385
  64 78191.500 6.325
  65 86696.000 6.530
  66 73329.000 6.126
  67 75658.000 6.385
  68 83568.000 6.359
  69 88976.000 6.481
  70 66831.500 6.272
  71 50213.500 6.295
  72 57522.000 6.262
  73 90924.000 6.346
  74 96361.000 6.346
  75 93681.500 6.262
  76 76289.000 6.173
  77 71541.500 6.118
  78 83723.000 6.169
  79 94454.000 6.334
  80 68622.500 6.120
  81 82150.500 6.200
  82 88287.000 6.372
  83 68656.000 6.104
  84 70627.000 6.113
  85 74435.500 6.211
  86 88477.500 6.283
  87 96784.000 6.235
  88 73653.000 6.133
  89 70687.500 6.120
  90 84188.000 6.123
  91 82029.000 6.256
  92 89892.500 6.131
  93 83052.500 6.214
  94 72842.000 6.307
  95 75136.000 6.120
  96 78245.000 6.096
  97 86450.500 6.350
  98 94873.000 6.207
  99 76620.000 6.182
