   1 41221.500 6.150
   2 68864.500 6.197
   3 77730.000 6.147
   4 46573.000 6.071
   5 83877.000 6.401
   6 43355.000 6.188
   7 72405.000 6.127
   8 70683.500 6.252
   9 65037.000 6.241
  10 64379.500 6.290
  11 77002.000 6.449
  12 82392.500 6.306
  13 56266.000 6.138
  14 64192.500 6.221
  15 98273.500 6.119
  16 68425.500 6.145
  17 70488.500 6.225
  18 58878.000 6.148
  19 53219.500 6.228
  20 70718.500 6.241
  21 77506.500 6.365
  22 68495.500 6.246
  23 70848.500 6.290
  24 83360.000 6.401
  25 79165.500 6.283
  26 75724.500 6.471
  27 69166.000 6.208
  28 76096.500 6.232
  29 57378.000 6.145
  30 67735.000 6.197
  31 66935.500 6.194
  32 73435.000 6.204
  33 65171.000 6.295
  34 87931.000 6.355
  35 94096.500 6.430
  36 78980.500 6.114
  37 70934.000 6.309
  38 73871.000 6.191
  39 69068.000 6.311
  40 67932.000 6.220
  41 65006.500 6.233
  42 85724.500 6.501
  43 79279.000 6.440
  44 69650.500 6.330
  45 84974.000 6.461
  46 80481.500 6.467
  47 59162.500 6.104
  48 17182.000 6.205
  49 69892.500 6.103
  50 68046.000 6.150
  51 70029.000 6.150
  52 76010.500 6.361
  53 66442.000 6.228
  54 73009.000 6.435
  55 75384.000 6.304
  56 60383.000 6.151
  57 70354.000 6.211
  58 65954.000 6.254
  59 98667.000 6.157
  60 70224.000 6.184
  61 70884.000 6.351
  62 84370.000 6.392
  63 66069.500 6.388
  64 73545.500 6.320
  65 76840.000 6.419
  66 59537.500 6.222
  67 67225.000 6.212
  68 78236.000 6.160
  69 82813.000 6.517
  70 57758.000 6.144
  71 50213.500 6.210
  72 57082.000 6.285
  73 79574.000 6.397
  74 87327.000 6.307
  75 79859.500 6.345
  76 71649.500 6.178
  77 64518.500 6.110
  78 71396.000 6.283
  79 77101.000 6.301
  80 66357.000 6.128
  81 70093.000 6.250
  82 80737.000 6.423
  83 58736.000 6.103
  84 62163.000 6.108
  85 58743.500 6.123
  86 74961.500 6.367
  87 82548.500 6.282
  88 58022.500 6.116
  89 62868.500 6.122
  90 67559.500 6.198
  91 70002.000 6.255
  92 77678.500 6.142
  93 72108.500 6.205
  94 64693.500 6.195
  95 75136.000 6.077
  96 74511.000 6.173
  97 80171.500 6.358
  98 81210.500 6.219
  99 67612.000 6.199
