   1 41221.500 6.157
   2 68864.500 6.267
   3 76658.500 6.321
   4 46573.000 6.091
   5 79613.500 6.635
   6 43355.000 6.189
   7 72405.000 6.251
   8 68710.500 6.218
   9 61652.000 6.181
  10 61519.500 6.229
  11 69115.500 6.475
  12 75128.000 6.281
  13 56266.000 6.116
  14 63110.500 6.173
  15 94288.500 6.163
  16 66191.000 6.214
  17 62343.000 6.218
  18 50000.500 6.221
  19 53219.500 6.177
  20 64073.000 6.183
  21 70602.500 6.227
  22 67188.500 6.264
  23 67738.000 6.261
  24 77309.000 6.413
  25 78860.000 6.331
  26 69201.000 6.454
  27 69166.000 6.263
  28 71381.500 6.365
  29 56226.000 6.259
  30 65245.500 6.292
  31 62346.000 6.258
  32 73435.000 6.204
  33 61218.500 6.180
  34 86135.500 6.311
  35 86376.500 6.394
  36 76392.000 6.206
  37 65905.000 6.358
  38 73871.000 6.196
  39 67987.000 6.336
  40 64768.500 6.279
  41 60707.000 6.231
  42 74081.000 6.621
  43 72338.500 6.342
  44 65038.000 6.319
  45 74517.500 6.480
  46 77516.000 6.372
  47 59162.500 6.206
  48 17182.000 6.228
  49 69892.500 6.143
  50 67364.500 6.176
  51 63062.500 6.205
  52 72827.000 6.237
  53 63363.500 6.246
  54 67483.500 6.566
  55 68874.500 6.282
  56 59752.500 6.174
  57 68053.500 6.325
  58 62219.500 6.296
  59 98667.000 6.246
  60 69940.000 6.236
  61 67923.500 6.246
  62 80212.000 6.530
  63 64076.000 6.389
  64 69703.500 6.248
  65 68297.000 6.287
  66 59537.500 6.233
  67 65849.000 6.215
  68 77341.000 6.123
  69 75682.000 6.391
  70 56083.500 6.288
  71 50213.500 6.239
  72 57082.000 6.267
  73 73008.000 6.385
  74 84302.000 6.261
  75 74087.500 6.236
  76 64475.500 6.187
  77 60123.000 6.085
  78 68281.000 6.158
  79 78970.000 6.430
  80 64002.000 6.099
  81 65997.000 6.149
  82 73532.000 6.337
  83 47703.500 6.095
  84 60356.500 6.094
  85 55060.000 6.140
  86 71651.500 6.287
  87 77011.500 6.242
  88 55555.500 6.199
  89 60638.000 6.182
  90 64611.500 6.140
  91 64548.500 6.229
  92 67320.000 6.168
  93 66595.500 6.181
  94 60281.500 6.332
  95 75136.000 6.099
  96 69960.500 6.100
  97 69370.500 6.325
  98 73054.000 6.207
  99 63357.000 6.148
