   1 41221.500 6.139
   2 68864.500 6.179
   3 78057.000 6.200
   4 46573.000 6.194
   5 91863.500 6.496
   6 43355.000 6.204
   7 72405.000 6.223
   8 69485.500 6.269
   9 67764.000 6.265
  10 62643.500 6.307
  11 75291.500 6.490
  12 81606.500 6.247
  13 56266.000 6.082
  14 64930.500 6.171
  15 97830.000 6.150
  16 67725.500 6.178
  17 68898.000 6.168
  18 59075.000 6.129
  19 56757.500 6.150
  20 68302.000 6.262
  21 76475.000 6.249
  22 68306.000 6.215
  23 70125.000 6.232
  24 91645.000 6.321
  25 88819.500 6.254
  26 77351.500 6.389
  27 69166.000 6.174
  28 75188.500 6.221
  29 60761.000 6.191
  30 68690.000 6.347
  31 67560.500 6.234
  32 73435.000 6.138
  33 63015.000 6.254
  34 95371.500 6.336
  35 103381.500 6.489
  36 77710.500 6.146
  37 69539.500 6.362
  38 73871.000 6.137
  39 68419.000 6.305
  40 67814.000 6.278
  41 65689.000 6.294
  42 81860.000 6.447
  43 77486.500 6.479
  44 70028.000 6.262
  45 88605.500 6.491
  46 88456.500 6.341
  47 61904.500 6.120
  48 17182.000 6.100
  49 69892.500 6.235
  50 67792.000 6.271
  51 68439.000 6.159
  52 79228.500 6.204
  53 67413.500 6.127
  54 72545.000 6.367
  55 79119.000 6.313
  56 60427.000 6.200
  57 69736.000 6.255
  58 70927.000 6.186
  59 98667.000 6.126
  60 71017.000 6.129
  61 71268.000 6.338
  62 102797.000 6.417
  63 67557.000 6.411
  64 72215.500 6.275
  65 76159.000 6.330
  66 59537.500 6.216
  67 69768.000 6.286
  68 78236.000 6.229
  69 82882.000 6.459
  70 58585.000 6.154
  71 50213.500 6.217
  72 57522.000 6.206
  73 81759.500 6.375
  74 100977.500 6.358
  75 87173.500 6.262
  76 68742.500 6.228
  77 62672.500 6.150
  78 70888.500 6.179
  79 88890.000 6.329
  80 66889.500 6.141
  81 72789.000 6.157
  82 85996.500 6.536
  83 58736.000 6.213
  84 63078.000 6.107
  85 62651.000 6.179
  86 83064.000 6.352
  87 87238.500 6.227
  88 55907.000 6.123
  89 65615.000 6.126
  90 69272.500 6.134
  91 72031.500 6.224
  92 69880.500 6.208
  93 71561.000 6.157
  94 66303.000 6.289
  95 75825.500 6.136
  96 74357.500 6.115
  97 81493.500 6.494
  98 82529.000 6.260
  99 64826.500 6.135
